Timesteps,RolloutActions,RolloutActionEntropy,RolloutDominantAction,RolloutDominantActionFraction,train_approx_kl,train_clip_fraction,train_clip_range,train_entropy_loss,train_explained_variance,train_learning_rate,train_loss,train_policy_gradient_loss,train_value_loss,rollout_ep_len_mean,rollout_ep_rew_mean
1024,"{""0"": 227, ""1"": 277, ""2"": 237, ""3"": 283}",1.381757,3,0.276367,,,,,,,,,,,
2048,"{""0"": 237, ""1"": 231, ""2"": 287, ""3"": 269}",1.382275,2,0.280273,0.0016110187862068415,0.0,0.0998976,-1.3854591771960258,-0.012144804000854492,0.000249744,0.010211457498371601,-0.002849683602107689,0.09030317002907395,,
3072,"{""0"": 255, ""1"": 246, ""2"": 265, ""3"": 258}",1.385939,2,0.258789,0.0001406277297064662,0.0,0.0997952,-1.384109415113926,0.014302730560302734,0.00024948799999999997,0.014937253668904305,-0.0001623480929993093,0.06104296259582043,,
4096,"{""0"": 250, ""1"": 262, ""2"": 256, ""3"": 256}",1.386157,1,0.255859,0.00035511708119884133,0.0,0.09969280000000001,-1.3855973333120346,0.043169260025024414,0.000249232,0.020335301756858826,-0.0005431185127235949,0.08278606459498405,,
5120,"{""0"": 265, ""1"": 227, ""2"": 258, ""3"": 274}",1.383862,3,0.267578,5.9356214478611946e-05,0.0,0.09959040000000001,-1.385984092950821,0.06703335046768188,0.000248976,0.01716548018157482,-8.11124627944082e-05,0.06470505427569151,,
6144,"{""0"": 269, ""1"": 263, ""2"": 262, ""3"": 230}",1.384481,0,0.262695,2.9828050173819065e-05,0.0,0.09948800000000001,-1.3854985311627388,0.16473376750946045,0.00024872,0.02477100118994713,1.9882034393958747e-05,0.07164559257216752,,
7168,"{""0"": 219, ""1"": 253, ""2"": 329, ""3"": 223}",1.372042,2,0.321289,0.0012706799898296595,0.009765625,0.0993856,-1.3849631994962692,0.3006165623664856,0.000248464,0.006967388093471527,-0.0019049911061301827,0.0709430119022727,,
8192,"{""0"": 216, ""1"": 233, ""2"": 294, ""3"": 281}",1.378247,2,0.287109,0.000810953788459301,0.020751953125,0.09928320000000002,-1.3773893415927887,0.4066542983055115,0.00024820800000000003,0.013131489977240562,-0.0008963604632299393,0.0662040754687041,,
9216,"{""0"": 243, ""1"": 284, ""2"": 289, ""3"": 208}",1.377831,2,0.282227,0.00154154933989048,0.0185546875,0.09918080000000001,-1.3775175362825394,0.6385879516601562,0.000247952,-0.003428119234740734,-0.0012984119239263237,0.027282210998237133,,
10240,"{""0"": 243, ""1"": 278, ""2"": 291, ""3"": 212}",1.378907,2,0.28418,0.0010989781003445387,0.0,0.09907840000000001,-1.3758358135819435,0.5191261172294617,0.000247696,0.003967294469475746,-0.0003265530103817582,0.061002476839348674,,
11264,"{""0"": 210, ""1"": 277, ""2"": 325, ""3"": 212}",1.368889,2,0.317383,0.0019704047590494156,0.1298828125,0.09897600000000001,-1.3714450299739838,0.6032299995422363,0.00024744,-0.0019394215196371078,-0.005342043732525781,0.04430699581280351,,
12288,"{""0"": 219, ""1"": 304, ""2"": 297, ""3"": 204}",1.37081,1,0.296875,0.0007922524819150567,0.0,0.0988736,-1.368592992424965,0.6792805194854736,0.000247184,-0.004939097911119461,-0.00040270056342706084,0.028377276612445712,,
13312,"{""0"": 239, ""1"": 246, ""2"": 330, ""3"": 209}",1.371477,2,0.322266,0.0027550444938242435,0.09033203125,0.0987712,-1.367736540734768,0.7424923181533813,0.000246928,0.007739217020571232,-0.0019826277275569737,0.04368677572347224,,
14336,"{""0"": 246, ""1"": 254, ""2"": 321, ""3"": 203}",1.37287,2,0.313477,0.002914923243224621,0.1123046875,0.0986688,-1.357604630291462,0.8343597054481506,0.000246672,-0.011174988001585007,-0.0015212524740491062,0.026540959370322526,,
15360,"{""0"": 219, ""1"": 254, ""2"": 386, ""3"": 165}",1.337601,2,0.376953,0.002590192947536707,0.0390625,0.0985664,-1.3544571250677109,0.8949946761131287,0.000246416,1.9825994968414307e-05,-0.0006517908186651766,0.01735258213011548,,
16384,"{""0"": 225, ""1"": 244, ""2"": 391, ""3"": 164}",1.335696,2,0.381836,0.0023370140697807074,0.196533203125,0.098464,-1.3525988310575485,0.8663893342018127,0.00024616,-0.009486887603998184,-0.004376681114081293,0.03198301512748003,,
17408,"{""0"": 189, ""1"": 266, ""2"": 400, ""3"": 169}",1.326551,2,0.390625,0.0021185344085097313,0.017333984375,0.09836160000000001,-1.3337382823228836,0.9186230301856995,0.000245904,-0.011755639687180519,-0.0009161417256109416,0.018130713724531233,,
18432,"{""0"": 176, ""1"": 279, ""2"": 389, ""3"": 180}",1.330224,2,0.379883,0.0018401223933324218,0.0458984375,0.0982592,-1.3223087787628174,0.896308183670044,0.000245648,-0.004174492321908474,-0.0017687395447865129,0.024880557088181376,,
19456,"{""0"": 172, ""1"": 317, ""2"": 408, ""3"": 127}",1.288162,2,0.398438,0.0015878666890785098,0.00830078125,0.0981568,-1.3118279948830605,0.8945851922035217,0.000245392,-0.004019256681203842,-0.000933267583604902,0.03221044241217896,,
20480,"{""0"": 177, ""1"": 284, ""2"": 402, ""3"": 161}",1.317051,2,0.392578,0.0017096803057938814,0.073974609375,0.0980544,-1.3097990080714226,0.9024730324745178,0.000245136,5.33275306224823e-06,-0.001996310194954276,0.028394240129273385,,
21504,"{""0"": 168, ""1"": 307, ""2"": 409, ""3"": 140}",1.296308,2,0.399414,0.001120854401960969,0.08251953125,0.097952,-1.2953512966632843,0.9722139835357666,0.00024488,-0.012985517270863056,-0.0021452635410241783,0.00859252773807384,,
22528,"{""0"": 168, ""1"": 268, ""2"": 404, ""3"": 184}",1.322751,2,0.394531,0.002523645292967558,0.0498046875,0.09784960000000001,-1.2818616181612015,0.9883354306221008,0.00024462400000000003,-0.010592572391033173,-0.0025021516485139728,0.00456631847191602,,
23552,"{""0"": 146, ""1"": 241, ""2"": 449, ""3"": 188}",1.290899,2,0.438477,0.0044440035708248615,0.107666015625,0.0977472,-1.291424609720707,0.9848209619522095,0.000244368,-0.009226653724908829,-0.002562501875218004,0.004804859840078279,,
24576,"{""0"": 162, ""1"": 233, ""2"": 438, ""3"": 191}",1.305028,2,0.427734,0.0011018561199307442,0.001708984375,0.0976448,-1.2931583598256111,0.9189281463623047,0.000244112,0.0034922678023576736,-0.0003498290025163442,0.03004957496887073,,
25600,"{""0"": 152, ""1"": 221, ""2"": 477, ""3"": 174}",1.271116,2,0.46582,0.0012554156128317118,0.0791015625,0.0975424,-1.2881202846765518,0.8428792953491211,0.000243856,0.00890177022665739,-0.0012022914015688002,0.047786695417016745,,
26624,"{""0"": 133, ""1"": 222, ""2"": 495, ""3"": 174}",1.249106,2,0.483398,0.0020017095375806093,0.067138671875,0.09744000000000001,-1.2878382131457329,0.9494242668151855,0.0002436,-0.00824354961514473,-0.0011373795568943024,0.015028048015665263,,
27648,"{""0"": 181, ""1"": 240, ""2"": 409, ""3"": 194}",1.328098,2,0.399414,0.0024914417881518602,0.040771484375,0.09733760000000001,-1.291485607624054,0.9465328454971313,0.00024334400000000002,-0.009251710027456284,-0.0012914397520944476,0.015481873764656484,,
28672,"{""0"": 163, ""1"": 211, ""2"": 456, ""3"": 194}",1.29344,2,0.445312,0.0015472553204745054,0.07080078125,0.09723520000000001,-1.2920963168144226,0.9900259375572205,0.000243088,-0.015290606766939163,-0.002116245392244309,0.0035407995019340888,,
29696,"{""0"": 198, ""1"": 234, ""2"": 391, ""3"": 201}",1.342262,2,0.381836,0.005784721113741398,0.12109375,0.0971328,-1.3060497120022774,0.9741602540016174,0.000242832,-0.012461554259061813,-0.003935891203582287,0.009089416125789285,,
30720,"{""0"": 212, ""1"": 230, ""2"": 391, ""3"": 191}",1.342308,2,0.381836,0.0027261856012046337,0.1435546875,0.09703040000000002,-1.340640589594841,0.9403032064437866,0.00024257600000000002,-0.015477249398827553,-0.004509058780968189,0.017221501446329057,,
31744,"{""0"": 184, ""1"": 274, ""2"": 384, ""3"": 182}",1.336041,2,0.375,0.0016077221371233463,0.03662109375,0.09692800000000001,-1.3325161635875702,0.9419918060302734,0.00024232000000000002,-0.00902598351240158,-0.002477393834851682,0.019034655415453017,,
32768,"{""0"": 195, ""1"": 296, ""2"": 346, ""3"": 187}",1.351719,2,0.337891,0.0003962924238294363,0.00048828125,0.09682560000000001,-1.341360792517662,0.9747970700263977,0.000242064,-0.01180269569158554,-0.001488467984017916,0.007163200527429581,,
33792,"{""0"": 182, ""1"": 293, ""2"": 358, ""3"": 191}",1.345696,2,0.349609,0.0024019666016101837,0.073974609375,0.09672320000000001,-1.3437217250466347,0.9224386215209961,0.000241808,-0.012423689477145672,-0.002680339850485325,0.022394100902602077,,
34816,"{""0"": 221, ""1"": 208, ""2"": 379, ""3"": 216}",1.350819,2,0.370117,0.0015471784863620996,0.0126953125,0.0966208,-1.349890075623989,0.9230200052261353,0.000241552,-0.010731242597103119,-0.002958352823043242,0.020703327609226108,,
35840,"{""0"": 193, ""1"": 261, ""2"": 386, ""3"": 184}",1.339147,2,0.376953,0.0006203189259395003,0.0,0.0965184,-1.3577888160943985,0.9294245839118958,0.00024129600000000003,-0.010722331702709198,-0.0014132743526715785,0.017316264158580452,,
36864,"{""0"": 254, ""1"": 234, ""2"": 347, ""3"": 189}",1.361712,2,0.338867,0.0020418143831193447,0.133544921875,0.096416,-1.3496381044387817,0.9527239203453064,0.00024104,-0.01486168708652258,-0.005251274269539863,0.01742119062691927,,
37888,"{""0"": 237, ""1"": 287, ""2"": 297, ""3"": 203}",1.375006,2,0.290039,0.0020053794141858816,0.10107421875,0.0963136,-1.3439437821507454,0.8962001204490662,0.000240784,-0.007143739610910416,-0.003665599651867524,0.027586560870986432,,
38912,"{""0"": 252, ""1"": 267, ""2"": 310, ""3"": 195}",1.373089,2,0.302734,0.0015683784149587154,0.06396484375,0.0962112,-1.3544668108224869,0.8257603645324707,0.000240528,0.0015434250235557556,-0.0031172127346508205,0.04294644691981375,,
39936,"{""0"": 193, ""1"": 286, ""2"": 316, ""3"": 229}",1.368533,2,0.308594,0.0017558545805513859,0.07373046875,0.0961088,-1.354164645075798,0.9127880930900574,0.00024027199999999998,-0.00999984610825777,-0.0035765922511927783,0.02171417116187513,,
40960,"{""0"": 227, ""1"": 246, ""2"": 355, ""3"": 196}",1.360293,2,0.34668,0.0004911880823783576,0.002685546875,0.0960064,-1.3421638160943985,0.9163090586662292,0.00024001600000000001,-0.00810685008764267,-0.0008974169613793492,0.024008667445741594,,
41984,"{""0"": 183, ""1"": 294, ""2"": 320, ""3"": 227}",1.363469,2,0.3125,0.0021887440234422684,0.16259765625,0.095904,-1.3568998649716377,0.9400361180305481,0.00023976,-0.0158114992082119,-0.00523710751440376,0.01463208656059578,,
43008,"{""0"": 212, ""1"": 292, ""2"": 314, ""3"": 206}",1.368913,2,0.306641,0.002055009827017784,0.166748046875,0.0958016,-1.3300607278943062,0.8660234808921814,0.000239504,-0.004441164433956146,-0.005027525243349373,0.03710025828331709,,
44032,"{""0"": 167, ""1"": 269, ""2"": 344, ""3"": 244}",1.355132,2,0.335938,0.0014804534148424864,0.03173828125,0.0956992,-1.33063043653965,0.9198950529098511,0.00023924799999999998,-0.0036124689504504204,-0.002738227602094412,0.020098267472349107,,
45056,"{""0"": 193, ""1"": 256, ""2"": 346, ""3"": 229}",1.362668,2,0.337891,0.0016819623997434974,0.076416015625,0.09559680000000001,-1.316530480980873,0.8589150905609131,0.00023899200000000002,-0.006730709224939346,-0.004165502963587642,0.03332316211890429,,
46080,"{""0"": 179, ""1"": 249, ""2"": 370, ""3"": 226}",1.350002,2,0.361328,0.0005802962114103138,0.067138671875,0.09549440000000001,-1.3011919483542442,0.9491927027702332,0.000238736,-0.015254557132720947,-0.002922093204688281,0.013396687980275601,,
47104,"{""0"": 220, ""1"": 219, ""2"": 375, ""3"": 210}",1.353059,2,0.366211,0.0022737248800694942,0.04052734375,0.095392,-1.2864792048931122,0.9500629901885986,0.00023848,-0.011110691353678703,-0.0041508672293275595,0.01511600601952523,,
48128,"{""0"": 221, ""1"": 215, ""2"": 369, ""3"": 219}",1.356304,2,0.360352,0.001941329101100564,0.062255859375,0.0952896,-1.2914797440171242,0.8369786739349365,0.000238224,0.007463419809937477,-0.003280274715507403,0.04258971894159913,,
49152,"{""0"": 194, ""1"": 207, ""2"": 376, ""3"": 247}",1.349263,2,0.367188,0.0024618280585855246,0.046142578125,0.09518720000000001,-1.3163664862513542,0.8911653161048889,0.00023796800000000002,-0.00755749735981226,-0.003492100804578513,0.025993589777499437,,
50176,"{""0"": 200, ""1"": 190, ""2"": 378, ""3"": 256}",1.34597,2,0.369141,0.0017152479849755764,0.076416015625,0.09508480000000001,-1.3059419617056847,0.8621469140052795,0.000237712,-0.00767836719751358,-0.0044078120263293386,0.034280206775292754,,
51200,"{""0"": 222, ""1"": 215, ""2"": 327, ""3"": 260}",1.37173,2,0.319336,0.0018779020756483078,0.089111328125,0.09498240000000001,-1.3176223114132881,0.8544480800628662,0.000237456,-0.013768553733825684,-0.004309638345148414,0.031897866167128086,,
52224,"{""0"": 207, ""1"": 193, ""2"": 371, ""3"": 253}",1.350973,2,0.362305,0.0019371099770069122,0.045654296875,0.09488,-1.3085113242268562,0.8454140424728394,0.0002372,-0.001892811618745327,-0.0031695710495114326,0.03746616805437952,,
53248,"{""0"": 244, ""1"": 192, ""2"": 361, ""3"": 227}",1.357159,2,0.352539,0.002775875385850668,0.094482421875,0.0947776,-1.2915714010596275,0.8930272459983826,0.000236944,-0.014396974816918373,-0.0067067526979371905,0.029833011329174042,,
54272,"{""0"": 259, ""1"": 143, ""2"": 361, ""3"": 261}",1.338571,2,0.352539,0.0015067108906805515,0.07177734375,0.09467520000000001,-1.2589905634522438,0.9279717803001404,0.000236688,-0.006899756379425526,-0.0036549486685544252,0.021006802329793572,,
55296,"{""0"": 266, ""1"": 166, ""2"": 398, ""3"": 194}",1.327593,2,0.388672,0.0009518684819340706,0.113037109375,0.09457280000000001,-1.2636294141411781,0.8811760544776917,0.00023643200000000002,-0.00985645316541195,-0.004211202322039753,0.0292420577025041,,
56320,"{""0"": 248, ""1"": 182, ""2"": 398, ""3"": 196}",1.334228,2,0.388672,0.0020566536113619804,0.125244140625,0.09447040000000001,-1.258833423256874,0.8466193675994873,0.000236176,-0.008335461840033531,-0.004430619650520384,0.03816763521172106,,
57344,"{""0"": 252, ""1"": 183, ""2"": 299, ""3"": 290}",1.369509,2,0.291992,0.001135031459853053,0.0537109375,0.09436800000000001,-1.2426019385457039,0.830154299736023,0.00023592,-0.007471384480595589,-0.003698109299875796,0.03671527002006769,,
58368,"{""0"": 249, ""1"": 185, ""2"": 323, ""3"": 267}",1.36742,2,0.31543,0.0025515975430607796,0.091796875,0.0942656,-1.2670577242970467,0.7275398373603821,0.000235664,0.006879664957523346,-0.0037304847210180014,0.06219015782698989,,
59392,"{""0"": 226, ""1"": 174, ""2"": 339, ""3"": 285}",1.356579,2,0.331055,0.0021565640345215797,0.13232421875,0.0941632,-1.256298080086708,0.8304414749145508,0.00023540800000000002,0.0032793525606393814,-0.003990338766016066,0.04353637667372823,,
60416,"{""0"": 270, ""1"": 201, ""2"": 277, ""3"": 276}",1.37813,2,0.270508,0.0031492444686591625,0.1650390625,0.0940608,-1.260673001408577,0.8231921195983887,0.000235152,-0.0021254681050777435,-0.005749746458604932,0.04679670324549079,,
61440,"{""0"": 229, ""1"": 165, ""2"": 315, ""3"": 315}",1.354397,2,0.307617,0.0019899371545761824,0.115966796875,0.0939584,-1.2628919258713722,0.8344371318817139,0.000234896,-0.0055491868406534195,-0.005273381597362459,0.0381300407461822,,
62464,"{""0"": 236, ""1"": 173, ""2"": 307, ""3"": 308}",1.361162,3,0.300781,0.00147906388156116,0.049072265625,0.093856,-1.2301559895277023,0.7725986838340759,0.00023464,0.008218124508857727,-0.002505660813767463,0.048409991431981325,,
63488,"{""0"": 250, ""1"": 179, ""2"": 304, ""3"": 291}",1.367194,2,0.296875,0.001472572679631412,0.055908203125,0.0937536,-1.2279067859053612,0.7806119918823242,0.00023438400000000002,0.0015856735408306122,-0.0034522011992521584,0.05198679072782397,,
64512,"{""0"": 244, ""1"": 182, ""2"": 300, ""3"": 298}",1.367696,2,0.292969,0.0015660920180380344,0.098388671875,0.0936512,-1.2022652253508568,0.8218225240707397,0.000234128,-0.0022780876606702805,-0.004614380071870983,0.04834331735037267,,
65536,"{""0"": 248, ""1"": 180, ""2"": 334, ""3"": 262}",1.36322,2,0.326172,0.001997615909203887,0.101318359375,0.0935488,-1.1927385926246643,0.850614070892334,0.000233872,-0.006532957777380943,-0.005393984698457643,0.04143377975560725,,
66560,"{""0"": 253, ""1"": 165, ""2"": 253, ""3"": 353}",1.352137,3,0.344727,0.0012014085659757257,0.123046875,0.0934464,-1.1744748800992966,0.877640962600708,0.000233616,-0.0005089752376079559,-0.0037497698795050383,0.03782600269187242,,
67584,"{""0"": 225, ""1"": 157, ""2"": 281, ""3"": 361}",1.342882,3,0.352539,0.0019591611344367266,0.1171875,0.09334400000000001,-1.1718205511569977,0.8619518876075745,0.00023336000000000003,-0.006551963277161121,-0.0036755195760633796,0.039358778041787446,,
68608,"{""0"": 241, ""1"": 172, ""2"": 279, ""3"": 332}",1.359579,3,0.324219,0.00285441055893898,0.09521484375,0.09324160000000001,-1.158981867134571,0.778461754322052,0.000233104,-0.0019046850502490997,-0.004345362889580429,0.050873586209490895,,
69632,"{""0"": 237, ""1"": 172, ""2"": 263, ""3"": 352}",1.354544,3,0.34375,0.0014950609765946865,0.063720703125,0.0931392,-1.1578968241810799,0.8641362190246582,0.00023284800000000002,-0.0008636191487312317,-0.0031288599711842835,0.037815155228599906,,
70656,"{""0"": 248, ""1"": 166, ""2"": 318, ""3"": 292}",1.359338,2,0.310547,0.0019991614390164614,0.072021484375,0.0930368,-1.1603770852088928,0.8524675965309143,0.000232592,0.00014410167932510376,-0.004417411866597831,0.042980368714779615,,
71680,"{""0"": 287, ""1"": 144, ""2"": 228, ""3"": 365}",1.334521,3,0.356445,0.0025054356083273888,0.095703125,0.0929344,-1.1427699401974678,0.9256649613380432,0.00023233599999999998,-0.008926158770918846,-0.004459866671822965,0.02660657069645822,,
72704,"{""0"": 253, ""1"": 181, ""2"": 306, ""3"": 284}",1.368385,2,0.298828,0.0019882656633853912,0.076416015625,0.09283200000000001,-1.180759735405445,0.8910613656044006,0.00023208000000000001,0.0003231465816497803,-0.004040737578179687,0.04378800326958299,,
73728,"{""0"": 268, ""1"": 190, ""2"": 207, ""3"": 359}",1.354026,3,0.350586,0.002228719415143132,0.10107421875,0.09272960000000001,-1.1735746264457703,0.9239612817764282,0.000231824,-0.0009161317721009254,-0.004471389285754412,0.03145383787341416,,
74752,"{""0"": 290, ""1"": 187, ""2"": 250, ""3"": 297}",1.371036,3,0.290039,0.0011181824374943972,0.07177734375,0.0926272,-1.1880211159586906,0.8725582957267761,0.000231568,0.0037118392065167427,-0.002550966921262443,0.04884659918025136,,
75776,"{""0"": 261, ""1"": 184, ""2"": 289, ""3"": 290}",1.371168,3,0.283203,0.0021297733765095472,0.079345703125,0.0925248,-1.1888043135404587,0.9062561392784119,0.00023131199999999998,0.006715714931488037,-0.003966664255131036,0.05310096708126366,,
76800,"{""0"": 247, ""1"": 180, ""2"": 266, ""3"": 331}",1.363833,3,0.323242,0.0026620514690876007,0.107666015625,0.09242240000000002,-1.1832501366734505,0.9393761157989502,0.00023105600000000002,-0.00925460085272789,-0.003792840230744332,0.0332140673417598,,
77824,"{""0"": 250, ""1"": 207, ""2"": 238, ""3"": 329}",1.371373,3,0.321289,0.002108535962179303,0.126708984375,0.09232000000000001,-1.1874051913619041,0.9177194237709045,0.0002308,-0.007482707500457764,-0.004368341760709882,0.02615533722564578,,
78848,"{""0"": 268, ""1"": 202, ""2"": 209, ""3"": 345}",1.361916,3,0.336914,0.001981817651540041,0.09130859375,0.09221760000000001,-1.2042348086833954,0.8812392354011536,0.000230544,-0.0014360230416059494,-0.002751605788944289,0.04226487339474261,,
79872,"{""0"": 232, ""1"": 229, ""2"": 256, ""3"": 307}",1.379057,3,0.299805,0.0019029247341677547,0.080810546875,0.09211520000000001,-1.205685906112194,0.9103386402130127,0.000230288,-0.008889175951480865,-0.004680406273109838,0.03350303031038493,,
80896,"{""0"": 250, ""1"": 200, ""2"": 243, ""3"": 331}",1.369613,3,0.323242,0.002221624832600355,0.0947265625,0.0920128,-1.1860040873289108,0.8535128235816956,0.00023003200000000002,-0.003897862508893013,-0.0029507655272027478,0.05247701844200492,,
81920,"{""0"": 251, ""1"": 190, ""2"": 242, ""3"": 341}",1.364267,3,0.333008,0.002870340831577778,0.134521484375,0.0919104,-1.201144017279148,0.907152533531189,0.000229776,-0.009308300912380219,-0.004962557315593585,0.032791766920126975,,
82944,"{""0"": 276, ""1"": 173, ""2"": 244, ""3"": 331}",1.360612,3,0.323242,0.001481358427554369,0.04638671875,0.091808,-1.19345161318779,0.8166276812553406,0.00022952,0.00017499923706054688,-0.003395159903448075,0.05448023648932576,,
83968,"{""0"": 265, ""1"": 179, ""2"": 275, ""3"": 305}",1.368505,3,0.297852,0.003244582796469331,0.0966796875,0.0917056,-1.181101992726326,0.8265293836593628,0.000229264,3.0621886253356934e-05,-0.006956730270758271,0.047812804114073515,,
84992,"{""0"": 241, ""1"": 201, ""2"": 217, ""3"": 365}",1.356569,3,0.356445,0.0023466977290809155,0.084716796875,0.0916032,-1.1956158205866814,0.8806362748146057,0.000229008,-0.013634128496050835,-0.006286218034802005,0.036552511155605316,,
86016,"{""0"": 253, ""1"": 203, ""2"": 216, ""3"": 352}",1.361563,3,0.34375,0.0019575785845518112,0.123291015625,0.09150080000000001,-1.1336361393332481,0.8942500948905945,0.000228752,-0.0014045946300029755,-0.0054641858441755176,0.029998615966178477,,
87040,"{""0"": 238, ""1"": 189, ""2"": 183, ""3"": 414}",1.324895,3,0.404297,0.0020524444989860058,0.120849609375,0.0913984,-1.1342551708221436,0.928004264831543,0.00022849600000000002,-0.009010519832372665,-0.006131243542768061,0.02107977302512154,,
88064,"{""0"": 213, ""1"": 211, ""2"": 238, ""3"": 362}",1.358842,3,0.353516,0.0018434013472869992,0.109619140625,0.091296,-1.1075948551297188,0.9372446537017822,0.00022824,-0.004606182686984539,-0.004873677040450275,0.01913808548124507,,
89088,"{""0"": 224, ""1"": 190, ""2"": 238, ""3"": 372}",1.352007,3,0.363281,0.0020950166508555412,0.16748046875,0.0911936,-1.1708231046795845,0.9643893241882324,0.000227984,-0.013903449289500713,-0.004120649478863925,0.015115592046640813,,
90112,"{""0"": 214, ""1"": 187, ""2"": 202, ""3"": 421}",1.323313,3,0.411133,0.0025117688346654177,0.132080078125,0.0910912,-1.1216884106397629,0.948921263217926,0.00022772799999999999,-0.011876066215336323,-0.00591725591220893,0.01685994624858722,,
91136,"{""0"": 239, ""1"": 175, ""2"": 228, ""3"": 382}",1.343822,3,0.373047,0.0016577241476625204,0.08203125,0.09098880000000001,-1.1419770121574402,0.9371302723884583,0.00022747200000000002,-0.009821448475122452,-0.0026491270982660353,0.025128757348284125,,
92160,"{""0"": 195, ""1"": 202, ""2"": 193, ""3"": 434}",1.314377,3,0.423828,0.002069713082164526,0.062255859375,0.0908864,-1.133514940738678,0.9476706981658936,0.000227216,-0.016940737143158913,-0.003989570774137974,0.02040253800805658,,
93184,"{""0"": 195, ""1"": 259, ""2"": 258, ""3"": 312}",1.372943,3,0.304688,0.002969634486362338,0.11865234375,0.090784,-1.1153251752257347,0.9343570470809937,0.00022696,-0.01376652717590332,-0.00623597641242668,0.024470693664625287,,
94208,"{""0"": 216, ""1"": 181, ""2"": 165, ""3"": 462}",1.287819,3,0.451172,0.0021438514813780785,0.083740234375,0.0906816,-1.1385346055030823,0.9417316317558289,0.000226704,-0.012335119768977165,-0.005829205038025975,0.025706987595185637,,
95232,"{""0"": 205, ""1"": 246, ""2"": 263, ""3"": 310}",1.375473,3,0.302734,0.0019154091132804751,0.108154296875,0.09057920000000001,-1.1094140857458115,0.8238691091537476,0.00022644800000000002,-0.008205922320485115,-0.006279329827520996,0.048018975649029016,,
96256,"{""0"": 222, ""1"": 176, ""2"": 176, ""3"": 450}",1.298106,3,0.439453,0.0014808854321017861,0.169921875,0.09047680000000001,-1.1262752562761307,0.8938186168670654,0.000226192,-0.004409231245517731,-0.002927986206486821,0.03089038422331214,,
97280,"{""0"": 212, ""1"": 221, ""2"": 230, ""3"": 361}",1.359955,3,0.352539,0.0016372279496863484,0.096923828125,0.09037440000000001,-1.1155637502670288,0.9045184254646301,0.000225936,-0.006532022729516029,-0.004710465407697484,0.038005838403478265,,
98304,"{""0"": 220, ""1"": 273, ""2"": 260, ""3"": 271}",1.382707,1,0.266602,0.0016357009299099445,0.096435546875,0.090272,-1.1297319829463959,0.8983961343765259,0.00022568,0.0005250833928585052,-0.005654545209836215,0.04178615822456777,,
99328,"{""0"": 227, ""1"": 237, ""2"": 230, ""3"": 330}",1.373022,3,0.322266,0.0020392807200551033,0.07421875,0.09016960000000002,-1.1314407736063004,0.9542250037193298,0.00022542400000000003,-0.011785512790083885,-0.005206515401368961,0.020978369051590562,,
100352,"{""0"": 192, ""1"": 230, ""2"": 228, ""3"": 374}",1.351628,3,0.365234,0.002520800568163395,0.121337890625,0.09006720000000001,-1.1022532135248184,0.9490464925765991,0.000225168,-0.0047690849751234055,-0.0038832773570902646,0.02491384348832071,,
101376,"{""0"": 179, ""1"": 266, ""2"": 233, ""3"": 346}",1.358511,3,0.337891,0.0019278251565992832,0.08740234375,0.08996480000000001,-1.153975710272789,0.9027107954025269,0.00022491200000000002,-0.006346738897264004,-0.00611620451672934,0.036266407230868936,,
102400,"{""0"": 180, ""1"": 243, ""2"": 231, ""3"": 370}",1.35067,3,0.361328,0.0021128684747964144,0.114501953125,0.08986240000000001,-1.1093141064047813,0.9622802734375,0.000224656,-0.01745140179991722,-0.00586283573647961,0.015418223745655268,,
103424,"{""0"": 185, ""1"": 270, ""2"": 240, ""3"": 329}",1.36546,3,0.321289,0.002541216090321541,0.132568359375,0.08976,-1.1253936663269997,0.9259766340255737,0.0002244,-0.014986470341682434,-0.0071470498805865645,0.029321760521270335,,
104448,"{""0"": 194, ""1"": 283, ""2"": 199, ""3"": 348}",1.35573,3,0.339844,0.002397149335592985,0.14501953125,0.0896576,-1.1159586161375046,0.921875536441803,0.00022414400000000001,-0.001784326508641243,-0.005919533839914948,0.03462909802328795,,
105472,"{""0"": 179, ""1"": 309, ""2"": 238, ""3"": 298}",1.364793,1,0.301758,0.0037155242171138525,0.210693359375,0.0895552,-1.1003713831305504,0.9310344457626343,0.000223888,-0.012568065896630287,-0.0052271594177000225,0.029764785314910114,,
106496,"{""0"": 178, ""1"": 273, ""2"": 212, ""3"": 361}",1.350198,3,0.352539,0.001559064257889986,0.0634765625,0.0894528,-1.1180429831147194,0.93967205286026,0.000223632,-0.008639814332127571,-0.005270786699838936,0.029189346125349402,,
107520,"{""0"": 156, ""1"": 300, ""2"": 242, ""3"": 326}",1.351624,3,0.318359,0.0014162854058668017,0.09228515625,0.0893504,-1.0886626690626144,0.9313434958457947,0.00022337599999999998,-0.012893876992166042,-0.006304625538177788,0.024214710807427764,,
108544,"{""0"": 173, ""1"": 247, ""2"": 202, ""3"": 402}",1.330708,3,0.392578,0.0019221388502046466,0.178955078125,0.089248,-1.075720191001892,0.976673424243927,0.00022312,-0.021589724346995354,-0.006970448652282357,0.010811578773427755,,
109568,"{""0"": 146, ""1"": 319, ""2"": 258, ""3"": 301}",1.348263,1,0.311523,0.002706478349864483,0.132080078125,0.0891456,-1.086714155972004,0.9553773403167725,0.000222864,-0.011299743317067623,-0.0061230341088958085,0.016188217501621693,,
110592,"{""0"": 188, ""1"": 258, ""2"": 222, ""3"": 356}",1.357268,3,0.347656,0.0029179502744227648,0.14013671875,0.0890432,-1.0709398090839386,0.9545509815216064,0.000222608,-0.014280163682997227,-0.006066669593565166,0.019420763535890728,,
111616,"{""0"": 147, ""1"": 247, ""2"": 261, ""3"": 369}",1.337882,3,0.360352,0.0022729148622602224,0.093017578125,0.0889408,-1.0910070016980171,0.9544432163238525,0.000222352,-0.011997215449810028,-0.003972007893025875,0.018858752329833806,,
112640,"{""0"": 167, ""1"": 269, ""2"": 253, ""3"": 335}",1.357875,3,0.327148,0.003239217447116971,0.125244140625,0.0888384,-1.0651536881923676,0.9239978790283203,0.000222096,-0.0029275380074977875,-0.006345197587506846,0.0312203528592363,,
113664,"{""0"": 174, ""1"": 282, ""2"": 262, ""3"": 306}",1.366026,3,0.298828,0.002298040548339486,0.12060546875,0.08873600000000001,-1.1139257475733757,0.9205549955368042,0.00022184,-0.01103654783219099,-0.004204849305097014,0.024135793442837894,,
114688,"{""0"": 175, ""1"": 259, ""2"": 203, ""3"": 387}",1.338164,3,0.37793,0.0014964102301746607,0.088623046875,0.0886336,-1.0955551266670227,0.931910514831543,0.000221584,-0.002341814339160919,-0.0056474413722753525,0.0322922138730064,,
115712,"{""0"": 147, ""1"": 266, ""2"": 229, ""3"": 382}",1.331592,3,0.373047,0.0022794234100729227,0.09521484375,0.0885312,-1.1083765998482704,0.8917723894119263,0.000221328,0.0007061976939439774,-0.005289134162012488,0.036408914951607585,,
116736,"{""0"": 140, ""1"": 268, ""2"": 298, ""3"": 318}",1.34526,3,0.310547,0.002466959413141012,0.0830078125,0.0884288,-1.0842169523239136,0.8392638564109802,0.000221072,-0.001785416156053543,-0.0059765284531749785,0.055412260349839926,,
117760,"{""0"": 182, ""1"": 252, ""2"": 230, ""3"": 360}",1.355006,3,0.351562,0.0020721268374472857,0.12451171875,0.08832640000000001,-1.0659812614321709,0.9233266115188599,0.000220816,-0.005847835913300514,-0.0054498230456374586,0.03823226457461715,,
118784,"{""0"": 164, ""1"": 236, ""2"": 259, ""3"": 365}",1.346976,3,0.356445,0.002565220696851611,0.12060546875,0.08822400000000001,-1.1081555262207985,0.9067383408546448,0.00022056000000000002,-0.0011918237432837486,-0.003832835383946076,0.03245407820213586,,
119808,"{""0"": 154, ""1"": 242, ""2"": 197, ""3"": 431}",1.307158,3,0.420898,0.002064292086288333,0.08447265625,0.08812160000000001,-1.0982165113091469,0.9090419411659241,0.000220304,-0.012159211561083794,-0.005773992394097149,0.03749119094572961,,
120832,"{""0"": 179, ""1"": 237, ""2"": 256, ""3"": 352}",1.357218,3,0.34375,0.002623465843498707,0.132080078125,0.0880192,-1.0703407675027847,0.8716844320297241,0.000220048,0.0021898820996284485,-0.0053074200986884534,0.040475704590789974,,
121856,"{""0"": 150, ""1"": 280, ""2"": 276, ""3"": 318}",1.352469,3,0.310547,0.002040414372459054,0.095703125,0.0879168,-1.1076569259166718,0.7998902797698975,0.00021979199999999999,0.0065209586173295975,-0.004716423340141773,0.06524607306346297,,
122880,"{""0"": 169, ""1"": 298, ""2"": 263, ""3"": 294}",1.363956,1,0.291016,0.0024922452867031097,0.08154296875,0.08781440000000001,-1.0987519547343254,0.8901264071464539,0.00021953600000000002,-0.014966261573135853,-0.007228293252410367,0.03379600611515343,,
123904,"{""0"": 178, ""1"": 252, ""2"": 228, ""3"": 366}",1.351366,3,0.357422,0.0025866751093417406,0.159912109375,0.08771200000000001,-1.1146367192268372,0.9036250710487366,0.00021928,-0.013255277648568153,-0.006432272552046925,0.036113263107836246,,
124928,"{""0"": 172, ""1"": 250, ""2"": 185, ""3"": 417}",1.318877,3,0.407227,0.004181198310106993,0.161376953125,0.08760960000000001,-1.082963451743126,0.9268500804901123,0.000219024,-0.016211628913879395,-0.007325193379074335,0.020476219011470675,,
125952,"{""0"": 174, ""1"": 252, ""2"": 217, ""3"": 381}",1.342862,3,0.37207,0.0024239132180809975,0.116455078125,0.08750720000000001,-1.0759660601615906,0.9244993925094604,0.000218768,-0.018098467960953712,-0.005274687893688679,0.021627655834890902,,
126976,"{""0"": 172, ""1"": 282, ""2"": 219, ""3"": 351}",1.351658,3,0.342773,0.0028166312258690596,0.11474609375,0.0874048,-1.0878771916031837,0.9286589026451111,0.000218512,-0.008690375834703445,-0.005364684038795531,0.025661111460067332,,
128000,"{""0"": 150, ""1"": 214, ""2"": 221, ""3"": 439}",1.302562,3,0.428711,0.0021930548828095198,0.1162109375,0.0873024,-1.075608067214489,0.9039300084114075,0.000218256,-0.0025851689279079437,-0.00570402160519734,0.03493997443001717,,
129024,"{""0"": 180, ""1"": 255, ""2"": 263, ""3"": 326}",1.3653,3,0.318359,0.003998894244432449,0.14990234375,0.0872,-1.066606119275093,0.9387341737747192,0.000218,-0.004015207290649414,-0.004274302074918523,0.023692011833190918,,
130048,"{""0"": 192, ""1"": 233, ""2"": 229, ""3"": 370}",1.353494,3,0.361328,0.002210390754044056,0.126953125,0.0870976,-1.0875917375087738,0.8949167132377625,0.000217744,-0.007519574835896492,-0.0035236190306022763,0.03781425463967025,,
131072,"{""0"": 155, ""1"": 246, ""2"": 260, ""3"": 363}",1.344081,3,0.354492,0.002972119487822056,0.103271484375,0.08699520000000001,-1.0801898762583733,0.9356935620307922,0.00021748800000000003,-0.006957444362342358,-0.005646800040267408,0.027381322812289,,
132096,"{""0"": 169, ""1"": 210, ""2"": 268, ""3"": 377}",1.340958,3,0.368164,0.003429303877055645,0.128173828125,0.0868928,-1.057957760989666,0.9341317415237427,0.000217232,-0.017575789242982864,-0.007730641926173121,0.02501966804265976,,
133120,"{""0"": 180, ""1"": 203, ""2"": 258, ""3"": 383}",1.341556,3,0.374023,0.0032148982863873243,0.13720703125,0.0867904,-1.0620412081480026,0.9322690963745117,0.00021697600000000002,-0.015107806771993637,-0.0067246705875732005,0.0261249381583184,,
134144,"{""0"": 167, ""1"": 234, ""2"": 307, ""3"": 316}",1.357051,3,0.308594,0.0016398358857259154,0.124267578125,0.086688,-1.093810223042965,0.9138501286506653,0.00021672,-0.009679513052105904,-0.006000430090352893,0.03357973101083189,,
135168,"{""0"": 141, ""1"": 252, ""2"": 212, ""3"": 419}",1.309738,3,0.40918,0.0014811053406447172,0.07958984375,0.0865856,-1.0785247907042503,0.9323947429656982,0.000216464,-0.010678324848413467,-0.005558926612138748,0.03125444566830993,,
136192,"{""0"": 121, ""1"": 197, ""2"": 290, ""3"": 416}",1.29269,3,0.40625,0.0022108701523393393,0.094482421875,0.08648320000000001,-1.07173490524292,0.836188554763794,0.00021620800000000001,-0.009921008720993996,-0.006682104314677417,0.038430102285929024,,
137216,"{""0"": 146, ""1"": 221, ""2"": 275, ""3"": 382}",1.329555,3,0.373047,0.001362024573609233,0.10693359375,0.08638080000000001,-1.0636719539761543,0.8440464735031128,0.00021595200000000002,-0.0046829953789711,-0.006369833135977387,0.05713354307226837,,
138240,"{""0"": 152, ""1"": 259, ""2"": 330, ""3"": 283}",1.351188,2,0.322266,0.002088751643896103,0.112548828125,0.0862784,-1.062556453049183,0.8729025721549988,0.000215696,-0.006790312007069588,-0.005796656245365739,0.04139461903832853,,
139264,"{""0"": 138, ""1"": 218, ""2"": 298, ""3"": 370}",1.326481,3,0.361328,0.0019205489661544561,0.08642578125,0.086176,-1.08732770383358,0.9398853778839111,0.00021543999999999998,-0.02134622447192669,-0.005498898681253195,0.017575192847289145,,
140288,"{""0"": 148, ""1"": 221, ""2"": 328, ""3"": 327}",1.339668,2,0.320312,0.0030526190530508757,0.10986328125,0.0860736,-1.0858137980103493,0.7870199084281921,0.000215184,-0.0016324371099472046,-0.005386446544434875,0.05781843024305999,,
141312,"{""0"": 149, ""1"": 248, ""2"": 289, ""3"": 338}",1.346799,3,0.330078,0.002344863722100854,0.128173828125,0.08597120000000001,-1.064222477376461,0.7983065247535706,0.000214928,0.0050337351858615875,-0.0064635638846084476,0.06834655487909913,,
142336,"{""0"": 142, ""1"": 222, ""2"": 348, ""3"": 312}",1.334299,2,0.339844,0.0016388853546231985,0.086181640625,0.08586880000000001,-1.0578137710690498,0.9103405475616455,0.000214672,-0.006511719897389412,-0.00531695073004812,0.032206225441768765,,
143360,"{""0"": 153, ""1"": 238, ""2"": 272, ""3"": 361}",1.342878,3,0.352539,0.0029540802352130413,0.103271484375,0.0857664,-1.0517710894346237,0.8880310654640198,0.000214416,-0.003283912315964699,-0.006918908271472901,0.04400888434611261,,
144384,"{""0"": 147, ""1"": 203, ""2"": 328, ""3"": 346}",1.330739,3,0.337891,0.0018237462500110269,0.08203125,0.08566400000000002,-1.0820162519812584,0.9109326004981995,0.00021416000000000002,-0.014883829280734062,-0.005287808307912201,0.029311921214684844,,
145408,"{""0"": 162, ""1"": 209, ""2"": 340, ""3"": 313}",1.344419,2,0.332031,0.0018223854713141918,0.092041015625,0.0855616,-1.0606289952993393,0.9081178307533264,0.00021390399999999998,-0.012230046093463898,-0.00654139049584046,0.03694797190837562,,
146432,"{""0"": 142, ""1"": 205, ""2"": 329, ""3"": 348}",1.327552,3,0.339844,0.005345836281776428,0.1806640625,0.08545920000000001,-1.024135746061802,0.9117940664291382,0.000213648,-0.012562226504087448,-0.005452999146655202,0.029046220355667174,,
147456,"{""0"": 140, ""1"": 205, ""2"": 356, ""3"": 323}",1.325316,2,0.347656,0.002717134775593877,0.115234375,0.08535680000000001,-1.0236817225813866,0.8554282188415527,0.000213392,0.0021705441176891327,-0.003184389235684648,0.04717478668317199,,
148480,"{""0"": 140, ""1"": 217, ""2"": 356, ""3"": 311}",1.330086,2,0.347656,0.002131025306880474,0.0888671875,0.08525440000000001,-1.0434019342064857,0.9356696605682373,0.000213136,-0.01376955583691597,-0.005221045226790011,0.02274514001328498,,
149504,"{""0"": 178, ""1"": 189, ""2"": 292, ""3"": 365}",1.341509,3,0.356445,0.001691590528935194,0.060302734375,0.085152,-1.0531487241387367,0.9455143809318542,0.00021288,-0.009975829161703587,-0.00432402451406233,0.028747637290507555,,
150528,"{""0"": 159, ""1"": 170, ""2"": 364, ""3"": 331}",1.320039,2,0.355469,0.00226236111484468,0.12646484375,0.0850496,-1.0499189421534538,0.8830583691596985,0.00021262400000000002,-0.0057443007826805115,-0.005794921889901161,0.03536054922733456,,
151552,"{""0"": 141, ""1"": 168, ""2"": 310, ""3"": 405}",1.298159,3,0.395508,0.0019359197467565536,0.07177734375,0.0849472,-1.0423473343253136,0.9067460894584656,0.000212368,-0.004437131807208061,-0.00504882843233645,0.04110760323237628,,
152576,"{""0"": 175, ""1"": 176, ""2"": 369, ""3"": 304}",1.332934,2,0.360352,0.0020038022194057703,0.07568359375,0.0848448,-1.0319174155592918,0.8847848773002625,0.000212112,-0.007800307124853134,-0.003930201171897352,0.04228396178223193,,
153600,"{""0"": 175, ""1"": 158, ""2"": 364, ""3"": 327}",1.322479,2,0.355469,0.002375876996666193,0.134521484375,0.0847424,-1.0049891211092472,0.8333919048309326,0.00021185599999999999,0.005139999091625214,-0.003226510190870613,0.061743512749671936,,
154624,"{""0"": 178, ""1"": 162, ""2"": 320, ""3"": 364}",1.327004,3,0.355469,0.0016676527447998524,0.133544921875,0.08464,-1.0537444576621056,0.9262247085571289,0.00021160000000000002,-0.00445848423987627,-0.0037909653619863093,0.03325144702102989,,
155648,"{""0"": 171, ""1"": 173, ""2"": 323, ""3"": 357}",1.330615,3,0.348633,0.001485438202507794,0.0849609375,0.0845376,-1.0565262362360954,0.8909385204315186,0.000211344,-0.0018856413662433624,-0.0068829330848529935,0.04436477646231651,,
156672,"{""0"": 172, ""1"": 198, ""2"": 279, ""3"": 375}",1.339527,3,0.366211,0.0023617881815880537,0.132568359375,0.0844352,-1.0237741209566593,0.9029814004898071,0.000211088,-0.013213517144322395,-0.0051118103438057005,0.03449125471524894,,
157696,"{""0"": 166, ""1"": 189, ""2"": 346, ""3"": 323}",1.3374,2,0.337891,0.0028496950399130583,0.12646484375,0.0843328,-1.0411737188696861,0.8935960531234741,0.000210832,0.00013328716158866882,-0.0050369098607916385,0.032831412623636425,,
158720,"{""0"": 200, ""1"": 202, ""2"": 274, ""3"": 348}",1.358721,3,0.339844,0.003279659664258361,0.180419921875,0.0842304,-1.0419644638895988,0.8831285238265991,0.000210576,0.00156363844871521,-0.005820237973239273,0.047286523156799376,,
159744,"{""0"": 195, ""1"": 208, ""2"": 304, ""3"": 317}",1.363121,3,0.30957,0.0019215510692447424,0.113037109375,0.08412800000000001,-1.0676908865571022,0.8473124504089355,0.00021032,-0.011607070453464985,-0.00723478983854875,0.03598683304153383,,
160768,"{""0"": 144, ""1"": 195, ""2"": 258, ""3"": 427}",1.303739,3,0.416992,0.0026526357978582382,0.13671875,0.0840256,-1.0779240876436234,0.8944318890571594,0.000210064,-0.011379197239875793,-0.005524821346625686,0.03393326059449464,,
161792,"{""0"": 149, ""1"": 204, ""2"": 298, ""3"": 373}",1.328965,3,0.364258,0.003233070019632578,0.11962890625,0.0839232,-1.014222837984562,0.7861820459365845,0.000209808,0.0010736063122749329,-0.005050729669164866,0.05390835530124605,,
162816,"{""0"": 154, ""1"": 200, ""2"": 315, ""3"": 355}",1.3338,3,0.34668,0.0023316405713558197,0.0859375,0.08382080000000001,-1.0157177187502384,0.8576555252075195,0.00020955200000000003,0.0005530435591936111,-0.005726353556383401,0.057839837623760104,,
163840,"{""0"": 185, ""1"": 191, ""2"": 312, ""3"": 336}",1.350108,3,0.328125,0.002281624125316739,0.088134765625,0.08371840000000001,-1.0357095152139664,0.9049727916717529,0.000209296,-0.008086325600743294,-0.004236052220221609,0.03507570072542876,,
164864,"{""0"": 185, ""1"": 204, ""2"": 318, ""3"": 317}",1.3567,2,0.310547,0.002668537897989154,0.121337890625,0.08361600000000001,-1.0675079971551895,0.8409069180488586,0.00020904000000000002,0.004003435373306274,-0.006564395502209663,0.05524338595569134,,
165888,"{""0"": 189, ""1"": 171, ""2"": 265, ""3"": 399}",1.327821,3,0.389648,0.0019972031004726887,0.08251953125,0.08351360000000001,-1.036120019853115,0.9172022938728333,0.000208784,-0.011960295960307121,-0.005800861166790128,0.02611712657380849,,
166912,"{""0"": 157, ""1"": 210, ""2"": 335, ""3"": 322}",1.341762,2,0.327148,0.0028202275279909372,0.142333984375,0.0834112,-1.0341186374425888,0.8873534202575684,0.000208528,-0.00795026309788227,-0.007453324506059289,0.037634296459145844,,
167936,"{""0"": 188, ""1"": 207, ""2"": 319, ""3"": 310}",1.359443,2,0.311523,0.0019965318497270346,0.1220703125,0.08330880000000002,-1.0643377676606178,0.9419712424278259,0.00020827200000000001,-0.02119407057762146,-0.0070972402463667095,0.02477513364283368,,
168960,"{""0"": 188, ""1"": 209, ""2"": 260, ""3"": 367}",1.351351,3,0.358398,0.003052877262234688,0.123046875,0.08320640000000001,-1.0767668560147285,0.9443517327308655,0.00020801600000000002,-0.015643414109945297,-0.005052984866779298,0.019000552769284695,,
169984,"{""0"": 180, ""1"": 181, ""2"": 289, ""3"": 374}",1.336814,3,0.365234,0.00189858244266361,0.073486328125,0.08310400000000001,-1.0570098534226418,0.931993842124939,0.00020776,-0.015787454321980476,-0.0035206778557039797,0.018724984547588974,,
171008,"{""0"": 162, ""1"": 176, ""2"": 233, ""3"": 453}",1.292031,3,0.442383,0.0025836897548288107,0.13134765625,0.08300160000000001,-1.0517254024744034,0.910268247127533,0.000207504,-0.014117239974439144,-0.006595632235985249,0.02823735843412578,,
172032,"{""0"": 165, ""1"": 216, ""2"": 312, ""3"": 331}",1.349578,3,0.323242,0.0022307494655251503,0.10693359375,0.0828992,-1.000873874872923,0.8791545629501343,0.000207248,-0.0024473965167999268,-0.004641506704501808,0.03829462721478194,,
173056,"{""0"": 182, ""1"": 178, ""2"": 233, ""3"": 431}",1.312262,3,0.420898,0.001845769351348281,0.085693359375,0.0827968,-1.0406218245625496,0.9313398003578186,0.00020699200000000003,-0.007197072729468346,-0.006903186324052513,0.03239972679875791,,
174080,"{""0"": 165, ""1"": 194, ""2"": 257, ""3"": 408}",1.322922,3,0.398438,0.002260311273857951,0.09716796875,0.0826944,-1.010278858244419,0.9159375429153442,0.000206736,-0.006605781614780426,-0.004195372341200709,0.02922651602420956,,
175104,"{""0"": 150, ""1"": 210, ""2"": 288, ""3"": 376}",1.330939,3,0.367188,0.0024890212807804346,0.105712890625,0.082592,-1.0331095084547997,0.7349368333816528,0.00020648,0.0037279613316059113,-0.0038090621237643063,0.06405988847836852,,
176128,"{""0"": 180, ""1"": 187, ""2"": 292, ""3"": 365}",1.341604,3,0.356445,0.0036794922780245543,0.167236328125,0.0824896,-1.0527949407696724,0.9027732610702515,0.000206224,-0.00422461424022913,-0.004856721148826182,0.036176039720885456,,
177152,"{""0"": 193, ""1"": 210, ""2"": 294, ""3"": 327}",1.362252,3,0.319336,0.0015447372570633888,0.09912109375,0.0823872,-1.0599928200244904,0.8839315176010132,0.00020596799999999998,-0.00806841067969799,-0.00394425964623224,0.038077952223829925,,
178176,"{""0"": 184, ""1"": 219, ""2"": 289, ""3"": 332}",1.360518,3,0.324219,0.002521769143640995,0.12255859375,0.0822848,-1.029244489967823,0.9325612783432007,0.000205712,-0.014381167478859425,-0.006928162067197263,0.027220095857046545,,
179200,"{""0"": 180, ""1"": 211, ""2"": 289, ""3"": 344}",1.354565,3,0.335938,0.0029565945733338594,0.143798828125,0.0821824,-1.0510608181357384,0.9477434754371643,0.000205456,-0.008229875937104225,-0.006589197495486587,0.019431708671618253,,
180224,"{""0"": 159, ""1"": 213, ""2"": 280, ""3"": 372}",1.338229,3,0.363281,0.0017483083065599203,0.0927734375,0.08208,-1.0405983924865723,0.9285333752632141,0.0002052,0.001864684745669365,-0.004620987368980423,0.03126748849172145,,
181248,"{""0"": 183, ""1"": 196, ""2"": 308, ""3"": 337}",1.351311,3,0.329102,0.0017614044481888413,0.123046875,0.08197760000000001,-1.0506218522787094,0.9013364911079407,0.000204944,-0.013398196548223495,-0.006751605425961316,0.03162216697819531,,
182272,"{""0"": 199, ""1"": 219, ""2"": 244, ""3"": 362}",1.357586,3,0.353516,0.0020331116393208504,0.104248046875,0.08187520000000001,-1.0213122069835663,0.919394850730896,0.00020468800000000002,-0.015222301706671715,-0.0058914770488627255,0.028273118077777326,,
183296,"{""0"": 169, ""1"": 214, ""2"": 277, ""3"": 364}",1.345838,3,0.355469,0.001283777877688408,0.080810546875,0.0817728,-1.0423480495810509,0.8973885178565979,0.000204432,-0.008836059831082821,-0.005714938044548035,0.029339242377318442,,
184320,"{""0"": 173, ""1"": 198, ""2"": 293, ""3"": 360}",1.343694,3,0.351562,0.002396324649453163,0.13330078125,0.0816704,-1.0379586294293404,0.8967022895812988,0.000204176,-0.006673161871731281,-0.006128199922386557,0.03241688618436456,,
185344,"{""0"": 173, ""1"": 217, ""2"": 335, ""3"": 299}",1.354203,2,0.327148,0.0022497614845633507,0.109619140625,0.081568,-1.0246365666389465,0.8368849158287048,0.00020391999999999999,-0.005945926532149315,-0.006591228884644806,0.04737930209375918,,
186368,"{""0"": 192, ""1"": 192, ""2"": 225, ""3"": 415}",1.326749,3,0.405273,0.0015826044837012887,0.0810546875,0.08146560000000001,-1.0285472199320793,0.9205139875411987,0.00020366400000000002,-0.011371584609150887,-0.004158416413702071,0.026435984764248133,,
187392,"{""0"": 166, ""1"": 240, ""2"": 236, ""3"": 382}",1.341083,3,0.373047,0.0028074337169528008,0.114501953125,0.08136320000000001,-1.0381210818886757,0.9423866868019104,0.000203408,-0.016668111085891724,-0.006836215034127235,0.018842354882508516,,
188416,"{""0"": 174, ""1"": 216, ""2"": 263, ""3"": 371}",1.346391,3,0.362305,0.002624313812702894,0.103759765625,0.08126080000000001,-1.0406489670276642,0.9335196018218994,0.000203152,-0.013431367464363575,-0.006161096796859056,0.02169134613359347,,
189440,"{""0"": 184, ""1"": 214, ""2"": 277, ""3"": 349}",1.35614,3,0.34082,0.0019886204972863197,0.106201171875,0.0811584,-1.0554885566234589,0.8221703767776489,0.000202896,-0.0012531355023384094,-0.004662728606490418,0.05366229242645204,,
190464,"{""0"": 148, ""1"": 243, ""2"": 317, ""3"": 316}",1.346718,2,0.30957,0.0018643199000507593,0.085205078125,0.081056,-1.060115322470665,0.9152684807777405,0.00020264,-0.009891049936413765,-0.005648981314152479,0.030814698082394898,,
191488,"{""0"": 176, ""1"": 248, ""2"": 313, ""3"": 287}",1.364901,2,0.305664,0.0026964207645505667,0.16748046875,0.08095360000000001,-1.033571906387806,0.9345983862876892,0.000202384,-0.008642250671982765,-0.0069714675191789865,0.0292058332124725,,
192512,"{""0"": 153, ""1"": 222, ""2"": 282, ""3"": 367}",1.338369,3,0.358398,0.002734533976763487,0.142578125,0.08085120000000001,-1.0504569336771965,0.9063650369644165,0.00020212800000000001,-0.00825722236186266,-0.006590666365809739,0.03755757911130786,,
193536,"{""0"": 179, ""1"": 237, ""2"": 284, ""3"": 324}",1.363364,3,0.316406,0.0028769865166395903,0.141357421875,0.08074880000000001,-1.0366891846060753,0.8449873924255371,0.000201872,-0.0020083263516426086,-0.008029635879211128,0.04814351163804531,,
194560,"{""0"": 173, ""1"": 176, ""2"": 324, ""3"": 351}",1.334185,3,0.342773,0.0026800346095114946,0.1396484375,0.08064640000000001,-1.0447732210159302,0.8598951101303101,0.000201616,0.0038024038076400757,-0.006665487831924111,0.053265095222741365,,
195584,"{""0"": 174, ""1"": 219, ""2"": 296, ""3"": 335}",1.355337,3,0.327148,0.0026579152327030897,0.131103515625,0.080544,-1.0319069884717464,0.9218056201934814,0.00020135999999999998,-0.009874645620584488,-0.007241727638756856,0.030517021077685058,,
196608,"{""0"": 167, ""1"": 217, ""2"": 269, ""3"": 371}",1.343551,3,0.362305,0.0017628713976591825,0.12158203125,0.0804416,-1.0535303577780724,0.9670789837837219,0.00020110400000000002,-0.02086051180958748,-0.0073774695047177374,0.013865712098777294,,
197632,"{""0"": 167, ""1"": 214, ""2"": 295, ""3"": 348}",1.348222,3,0.339844,0.002884077839553356,0.145263671875,0.0803392,-1.0245527476072311,0.919894814491272,0.000200848,-0.007612921297550201,-0.005828109191497788,0.022681082773488015,,
198656,"{""0"": 179, ""1"": 245, ""2"": 244, ""3"": 356}",1.356145,3,0.347656,0.002314319834113121,0.128662109375,0.0802368,-1.0270727463066578,0.8893366456031799,0.000200592,0.003085937350988388,-0.003937865752959624,0.03810536675155163,,
199680,"{""0"": 146, ""1"": 203, ""2"": 304, ""3"": 371}",1.326907,3,0.362305,0.0020205182954669,0.0947265625,0.08013440000000001,-1.0438954308629036,0.9295213222503662,0.00020033600000000001,-0.016026802361011505,-0.005722078203689307,0.022309331106953323,,
200704,"{""0"": 150, ""1"": 232, ""2"": 304, ""3"": 338}",1.344163,3,0.330078,0.0017629204085096717,0.107177734375,0.080032,-1.019468005746603,0.9020905494689941,0.00020008000000000002,-0.010979913175106049,-0.005223773419857025,0.03401447390206158,,
201728,"{""0"": 170, ""1"": 205, ""2"": 266, ""3"": 383}",1.338102,3,0.374023,0.002942681312561035,0.1337890625,0.0799296,-1.0039826184511185,0.9372808933258057,0.000199824,-0.012263597920536995,-0.007141998328734189,0.027654626639559865,,
202752,"{""0"": 165, ""1"": 228, ""2"": 360, ""3"": 271}",1.347933,2,0.351562,0.0013251528143882751,0.1083984375,0.0798272,-1.0384804233908653,0.9446061253547668,0.000199568,-0.016036629676818848,-0.00587166816694662,0.01977584493579343,,
203776,"{""0"": 195, ""1"": 192, ""2"": 286, ""3"": 351}",1.352933,3,0.342773,0.002440985292196274,0.11279296875,0.0797248,-1.0424279980361462,0.9486396908760071,0.000199312,-0.020179931074380875,-0.006897422717884183,0.023688905057497323,,
204800,"{""0"": 188, ""1"": 182, ""2"": 325, ""3"": 329}",1.347266,3,0.321289,0.0026434813626110554,0.09375,0.07962240000000001,-1.0113003365695477,0.8798240423202515,0.00019905600000000003,-0.00344943068921566,-0.00583600252866745,0.04350108513608575,,
205824,"{""0"": 187, ""1"": 204, ""2"": 321, ""3"": 312}",1.357679,2,0.313477,0.0020727268420159817,0.104736328125,0.07952000000000001,-0.9817899279296398,0.8900524377822876,0.0001988,-0.010542144998908043,-0.005946433928329498,0.03886637790128589,,
206848,"{""0"": 167, ""1"": 181, ""2"": 350, ""3"": 326}",1.333388,2,0.341797,0.0017222017049789429,0.098876953125,0.0794176,-1.0025867111980915,0.9251327514648438,0.00019854400000000002,-0.015648793429136276,-0.006327248818706721,0.0274566380539909,,
207872,"{""0"": 188, ""1"": 183, ""2"": 270, ""3"": 383}",1.338251,3,0.374023,0.0028484968934208155,0.14599609375,0.0793152,-0.9889344573020935,0.9133526682853699,0.000198288,-0.01335691288113594,-0.006154629169031978,0.03458613727707416,,
208896,"{""0"": 154, ""1"": 194, ""2"": 315, ""3"": 361}",1.330299,3,0.352539,0.0023240805603563786,0.11962890625,0.0792128,-1.030973233282566,0.8718101382255554,0.00019803199999999998,-0.007591173052787781,-0.005917259375564754,0.037470412673428655,,
209920,"{""0"": 173, ""1"": 214, ""2"": 292, ""3"": 345}",1.351908,3,0.336914,0.0028529951814562082,0.14794921875,0.07911040000000001,-0.9929810501635075,0.8629924058914185,0.000197776,-0.0035958774387836456,-0.003628091770224273,0.0465765674598515,,
210944,"{""0"": 185, ""1"": 223, ""2"": 275, ""3"": 341}",1.36033,3,0.333008,0.002207404701039195,0.1142578125,0.07900800000000001,-1.012262113392353,0.9030293822288513,0.00019752,-0.006933098658919334,-0.006561342568602413,0.04448166978545487,,
211968,"{""0"": 160, ""1"": 179, ""2"": 347, ""3"": 338}",1.327492,2,0.338867,0.0015890181530267,0.074951171875,0.0789056,-1.0340512543916702,0.9376691579818726,0.000197264,-0.011182895861566067,-0.004526459553744644,0.02485983318183571,,
212992,"{""0"": 170, ""1"": 177, ""2"": 350, ""3"": 327}",1.332978,2,0.341797,0.001850825035944581,0.134033203125,0.07880320000000002,-0.938747514039278,0.9364101886749268,0.000197008,-0.007278560660779476,-0.004726802842924371,0.03001294075511396,,
214016,"{""0"": 136, ""1"": 177, ""2"": 307, ""3"": 404}",1.299623,3,0.394531,0.003470074152573943,0.1484375,0.07870080000000002,-1.0005344077944756,0.9272080659866333,0.00019675200000000002,-0.00813286378979683,-0.00615823722910136,0.03452816838398576,,
215040,"{""0"": 150, ""1"": 177, ""2"": 345, ""3"": 352}",1.318391,3,0.34375,0.002344057196751237,0.13525390625,0.07859840000000001,-0.9830606132745743,0.9168352484703064,0.000196496,-0.01040655467659235,-0.004779985640197992,0.025618480751290917,,
216064,"{""0"": 145, ""1"": 203, ""2"": 296, ""3"": 380}",1.324227,3,0.371094,0.002646366134285927,0.118896484375,0.07849600000000001,-0.9671418629586697,0.905971109867096,0.00019624,-0.00915735587477684,-0.005826976179378107,0.03372762049548328,,
217088,"{""0"": 160, ""1"": 190, ""2"": 312, ""3"": 362}",1.332297,3,0.353516,0.0020216263365000486,0.134521484375,0.07839360000000001,-1.008921753615141,0.8314625024795532,0.00019598399999999999,0.006230669096112251,-0.005430990539025515,0.07426934083923697,,
218112,"{""0"": 124, ""1"": 194, ""2"": 336, ""3"": 370}",1.304299,3,0.361328,0.0035231176298111677,0.154541015625,0.0782912,-0.9860475435853004,0.8528075218200684,0.00019572800000000002,-0.00037841126322746277,-0.007004021666944027,0.05793723603710532,,
219136,"{""0"": 133, ""1"": 205, ""2"": 249, ""3"": 437}",1.294353,3,0.426758,0.0026523920241743326,0.131591796875,0.0781888,-0.9516926147043705,0.8437060117721558,0.000195472,-0.008529631420969963,-0.006283473630901426,0.04927617684006691,,
220160,"{""0"": 111, ""1"": 172, ""2"": 357, ""3"": 384}",1.275685,3,0.375,0.0016678792890161276,0.0869140625,0.0780864,-0.9998511262238026,0.8687290549278259,0.000195216,-0.01056552492082119,-0.005013521993532777,0.032251859083771706,,
221184,"{""0"": 125, ""1"": 188, ""2"": 250, ""3"": 461}",1.27146,3,0.450195,0.001271525165066123,0.1201171875,0.077984,-0.933634415268898,0.8621550798416138,0.00019496,-0.00013818033039569855,-0.0038962160469964147,0.0484494143165648,,
222208,"{""0"": 134, ""1"": 176, ""2"": 348, ""3"": 366}",1.303302,3,0.357422,0.0017444170080125332,0.088134765625,0.0778816,-0.9596401192247868,0.8405771255493164,0.000194704,0.0015515722334384918,-0.003699448803672567,0.049438038491643965,,
223232,"{""0"": 123, ""1"": 184, ""2"": 379, ""3"": 338}",1.296743,2,0.370117,0.0019732462242245674,0.150390625,0.0777792,-0.9830569513142109,0.8978939056396484,0.000194448,-0.0021350011229515076,-0.005183085624594241,0.03756591794081032,,
224256,"{""0"": 129, ""1"": 183, ""2"": 291, ""3"": 421}",1.291689,3,0.411133,0.0015006394824013114,0.131103515625,0.0776768,-0.9635783396661282,0.9015890955924988,0.00019419200000000001,-0.0026821084320545197,-0.005099679983686656,0.03953937324695289,,
225280,"{""0"": 129, ""1"": 197, ""2"": 296, ""3"": 402}",1.303906,3,0.392578,0.002050673356279731,0.139892578125,0.0775744,-0.943725910037756,0.8362177610397339,0.000193936,0.015599049627780914,-0.003389184334082529,0.06976080778986216,,
226304,"{""0"": 123, ""1"": 175, ""2"": 328, ""3"": 398}",1.288452,3,0.388672,0.0017957238014787436,0.09375,0.077472,-0.9411562532186508,0.881619930267334,0.00019368,-0.0006239172071218491,-0.0041260844154749066,0.03798800508957356,,
227328,"{""0"": 129, ""1"": 166, ""2"": 318, ""3"": 411}",1.285495,3,0.401367,0.0022960330825299025,0.1044921875,0.0773696,-0.9424777589738369,0.9144119024276733,0.00019342399999999998,-0.013042621314525604,-0.005684988107532263,0.030805710121057928,,
228352,"{""0"": 110, ""1"": 162, ""2"": 323, ""3"": 429}",1.259802,3,0.418945,0.002504394855350256,0.162841796875,0.07726720000000001,-0.903682816773653,0.8121076226234436,0.00019316800000000002,0.006981514394283295,-0.004652186558814719,0.05788136599585414,,
229376,"{""0"": 148, ""1"": 166, ""2"": 280, ""3"": 430}",1.293438,3,0.419922,0.002958951285108924,0.149658203125,0.0771648,-0.9003444276750088,0.8829576373100281,0.000192912,-0.004492323845624924,-0.004503383883275092,0.038154025678522885,,
230400,"{""0"": 142, ""1"": 174, ""2"": 348, ""3"": 360}",1.309434,3,0.351562,0.001304785953834653,0.07373046875,0.0770624,-0.9471371173858643,0.7539916038513184,0.000192656,0.004509727470576763,-0.0038686543121002614,0.07326355203986168,,
231424,"{""0"": 138, ""1"": 168, ""2"": 346, ""3"": 372}",1.301117,3,0.363281,0.0018460492137819529,0.09716796875,0.07696000000000001,-1.0032577328383923,0.9083552360534668,0.00019240000000000001,-0.0110519053414464,-0.004534150764811784,0.036761327530257404,,
232448,"{""0"": 127, ""1"": 148, ""2"": 350, ""3"": 399}",1.272613,3,0.389648,0.0019734022207558155,0.1083984375,0.07685760000000001,-0.9716243483126163,0.8940122723579407,0.00019214400000000002,-0.006945841014385223,-0.0055242954404093325,0.03745441138744354,,
233472,"{""0"": 177, ""1"": 181, ""2"": 272, ""3"": 394}",1.329356,3,0.384766,0.0017084426945075393,0.10595703125,0.07675520000000001,-0.9120209403336048,0.8922061324119568,0.000191888,-0.005291723646223545,-0.005165564129129052,0.03992546268273145,,
234496,"{""0"": 140, ""1"": 172, ""2"": 324, ""3"": 388}",1.303513,3,0.378906,0.0014996498357504606,0.094482421875,0.07665280000000001,-1.0033739246428013,0.9316921830177307,0.000191632,-0.01660885661840439,-0.005211290699662641,0.02007582545047626,,
235520,"{""0"": 155, ""1"": 134, ""2"": 306, ""3"": 429}",1.277347,3,0.418945,0.0023180318530648947,0.097412109375,0.0765504,-0.9573163986206055,0.9040368795394897,0.000191376,-0.008426377549767494,-0.005893717490835115,0.03398868057411164,,
236544,"{""0"": 142, ""1"": 163, ""2"": 339, ""3"": 380}",1.300331,3,0.371094,0.002592524280771613,0.1328125,0.07644800000000002,-0.9346012435853481,0.8451324701309204,0.00019112000000000003,-0.006727656349539757,-0.006871782010421157,0.046599314315244555,,
237568,"{""0"": 141, ""1"": 166, ""2"": 244, ""3"": 473}",1.266505,3,0.461914,0.002980304416269064,0.131103515625,0.07634560000000001,-0.8991719260811806,0.9200359582901001,0.000190864,-0.0012469291687011719,-0.004320151871070266,0.03795469948090613,,
238592,"{""0"": 125, ""1"": 118, ""2"": 317, ""3"": 464}",1.227411,3,0.453125,0.0027166628278791904,0.14306640625,0.07624320000000001,-0.9285475984215736,0.8975077271461487,0.00019060800000000002,-0.01195203885436058,-0.0050815067370422184,0.02768432314042002,,
239616,"{""0"": 131, ""1"": 176, ""2"": 351, ""3"": 366}",1.30046,3,0.357422,0.0035418772604316473,0.16796875,0.07614080000000001,-0.8998604640364647,0.8713188767433167,0.000190352,-0.008288329467177391,-0.006682910490781069,0.03754264093004167,,
240640,"{""0"": 157, ""1"": 173, ""2"": 335, ""3"": 359}",1.320928,3,0.350586,0.0023745549842715263,0.1650390625,0.0760384,-0.9579959847033024,0.8522714376449585,0.000190096,-0.006152670830488205,-0.0022809361980762333,0.05072044022381306,,
241664,"{""0"": 147, ""1"": 157, ""2"": 373, ""3"": 347}",1.300721,2,0.364258,0.0024319749791175127,0.119140625,0.075936,-0.990765992552042,0.8553428053855896,0.00018984,0.004594406113028526,-0.004942838684655726,0.05228652385994792,,
242688,"{""0"": 136, ""1"": 179, ""2"": 347, ""3"": 362}",1.307298,3,0.353516,0.002878368366509676,0.130859375,0.0758336,-0.9610531777143478,0.8910331726074219,0.00018958400000000002,-0.005514331161975861,-0.005701835500076413,0.03976722131483257,,
243712,"{""0"": 166, ""1"": 160, ""2"": 273, ""3"": 425}",1.302427,3,0.415039,0.0017531717894598842,0.12548828125,0.0757312,-0.9681901223957539,0.8970826268196106,0.000189328,-0.006276361644268036,-0.004938987898640335,0.03785879537463188,,
244736,"{""0"": 159, ""1"": 166, ""2"": 332, ""3"": 367}",1.317098,3,0.358398,0.001969120930880308,0.114501953125,0.0756288,-1.0053273513913155,0.837966799736023,0.00018907199999999998,0.012111227959394455,-0.0034576492034830153,0.056486480636522174,,
245760,"{""0"": 122, ""1"": 152, ""2"": 324, ""3"": 426}",1.265581,3,0.416016,0.0030828535091131926,0.115234375,0.0755264,-0.9841103181242943,0.8927732706069946,0.000188816,-0.0043466463685035706,-0.005266556690912694,0.04104507120791823,,
246784,"{""0"": 141, ""1"": 194, ""2"": 324, ""3"": 365}",1.319984,3,0.356445,0.0021272124722599983,0.135009765625,0.075424,-0.9441085234284401,0.7598045468330383,0.00018856,0.0142483189702034,-0.004788049060152844,0.08081147260963917,,
247808,"{""0"": 156, ""1"": 163, ""2"": 397, ""3"": 308}",1.307886,2,0.387695,0.003319996176287532,0.217529296875,0.0753216,-1.0103808492422104,0.816893458366394,0.000188304,0.014504991471767426,-0.006521775998407975,0.07797263842076063,,
248832,"{""0"": 150, ""1"": 192, ""2"": 309, ""3"": 373}",1.32465,3,0.364258,0.0018567980732768774,0.12841796875,0.0752192,-0.970088042318821,0.8708353042602539,0.00018804799999999999,-0.00360158272087574,-0.0060771488933824,0.05407115421257913,,
249856,"{""0"": 139, ""1"": 198, ""2"": 286, ""3"": 401}",1.312174,3,0.391602,0.003987588919699192,0.190185546875,0.07511680000000001,-0.9982874020934105,0.83519446849823,0.00018779200000000002,-0.005897318944334984,-0.0068978696945123374,0.04986540414392948,,
250880,"{""0"": 158, ""1"": 192, ""2"": 331, ""3"": 343}",1.333648,3,0.334961,0.0019584721885621548,0.13671875,0.07501440000000001,-0.9716622531414032,0.8893511891365051,0.000187536,-0.007471701130270958,-0.004421297810040414,0.03922984830569476,,
251904,"{""0"": 142, ""1"": 167, ""2"": 357, ""3"": 358}",1.304504,3,0.349609,0.0022585256956517696,0.156005859375,0.074912,-0.9784239865839481,0.8737021684646606,0.00018728,0.0021572336554527283,-0.004615394427673891,0.054737940430641174,,
252928,"{""0"": 153, ""1"": 162, ""2"": 345, ""3"": 364}",1.309954,3,0.355469,0.0019861748442053795,0.146484375,0.0748096,-0.9763003252446651,0.9152693748474121,0.000187024,-0.007116786204278469,-0.002415205119177699,0.029606584459543228,,
253952,"{""0"": 147, ""1"": 165, ""2"": 327, ""3"": 385}",1.305114,3,0.375977,0.0028811669908463955,0.139892578125,0.0747072,-0.9659437164664268,0.8903906345367432,0.000186768,-0.012411324307322502,-0.006747144769178703,0.03715140896383673,,
254976,"{""0"": 134, ""1"": 162, ""2"": 339, ""3"": 389}",1.291484,3,0.379883,0.0022991644218564034,0.120849609375,0.07460480000000001,-0.9681978859007359,0.8140503168106079,0.000186512,0.0078401118516922,-0.0050105510745197535,0.06723302020691335,,
256000,"{""0"": 149, ""1"": 220, ""2"": 288, ""3"": 367}",1.335391,3,0.358398,0.002296573482453823,0.1376953125,0.07450240000000001,-0.9494815394282341,0.84482342004776,0.00018625600000000001,0.00029377080500125885,-0.0033236138988286257,0.05883955769240856,,
257024,"{""0"": 133, ""1"": 176, ""2"": 317, ""3"": 398}",1.298072,3,0.388672,0.00251035881228745,0.104736328125,0.07440000000000001,-0.9831440076231956,0.9357742667198181,0.000186,-0.007141806185245514,-0.0058978922315873206,0.020459805033169687,,
258048,"{""0"": 125, ""1"": 165, ""2"": 339, ""3"": 395}",1.28431,3,0.385742,0.0016651470214128494,0.09228515625,0.0742976,-0.9369407743215561,0.795129656791687,0.00018574400000000003,-0.006909973919391632,-0.006096447934396565,0.04748966498300433,,
259072,"{""0"": 167, ""1"": 186, ""2"": 274, ""3"": 397}",1.325697,3,0.387695,0.0017884850967675447,0.0927734375,0.0741952,-0.960727646946907,0.836368203163147,0.00018548799999999998,0.009126303717494011,-0.005777373386081308,0.06265519373118877,,
260096,"{""0"": 147, ""1"": 172, ""2"": 316, ""3"": 389}",1.308806,3,0.379883,0.0018710799049586058,0.10888671875,0.0740928,-1.0061940103769302,0.9146330952644348,0.00018523200000000002,-0.014778663404285908,-0.005923436663579196,0.030180246103554964,,
261120,"{""0"": 140, ""1"": 169, ""2"": 323, ""3"": 392}",1.300906,3,0.382812,0.0024917914997786283,0.10888671875,0.0739904,-0.9590421691536903,0.8088666200637817,0.000184976,0.005799904465675354,-0.007060553412884474,0.06563361105509102,,
262144,"{""0"": 144, ""1"": 181, ""2"": 334, ""3"": 365}",1.315295,3,0.356445,0.0015153615968301892,0.12744140625,0.073888,-0.9506287276744843,0.7875716090202332,0.00018472,0.014392592012882233,-0.005081422277726233,0.07224210537970066,,
263168,"{""0"": 133, ""1"": 166, ""2"": 301, ""3"": 424}",1.285052,3,0.414062,0.002257839310914278,0.10400390625,0.0737856,-0.9548358842730522,0.8632966876029968,0.00018446400000000001,-0.0009309910237789154,-0.005039414361817762,0.050265464931726456,,
264192,"{""0"": 130, ""1"": 156, ""2"": 348, ""3"": 390}",1.283112,3,0.380859,0.002083858009427786,0.08837890625,0.07368319999999999,-0.9340391121804714,0.7882974147796631,0.000184208,0.006171688437461853,-0.0048459557292517275,0.06889049103483558,,
265216,"{""0"": 171, ""1"": 191, ""2"": 324, ""3"": 338}",1.342059,3,0.330078,0.0028107413090765476,0.139892578125,0.0735808,-0.9533860385417938,0.8620033860206604,0.000183952,0.005062008276581764,-0.005070105689810589,0.06281147850677371,,
266240,"{""0"": 150, ""1"": 198, ""2"": 279, ""3"": 397}",1.320727,3,0.387695,0.002001536078751087,0.0986328125,0.0734784,-0.9861065708100796,0.9322018623352051,0.000183696,-0.006138022057712078,-0.0052741445833817124,0.029158740653656423,,
267264,"{""0"": 119, ""1"": 164, ""2"": 311, ""3"": 430}",1.269756,3,0.419922,0.0022325944155454636,0.135498046875,0.073376,-0.9918194897472858,0.8954479694366455,0.00018344,0.0007331632077693939,-0.006140242039691657,0.04372626659460366,,
268288,"{""0"": 131, ""1"": 165, ""2"": 311, ""3"": 417}",1.284983,3,0.407227,0.002208413789048791,0.135498046875,0.07327360000000001,-0.9374353848397732,0.8877115249633789,0.00018318400000000003,-0.008527415804564953,-0.006788413476897404,0.036565800313837826,,
269312,"{""0"": 154, ""1"": 189, ""2"": 303, ""3"": 378}",1.324995,3,0.369141,0.0029176545795053244,0.10888671875,0.07317119999999999,-0.9002248160541058,0.8467074036598206,0.00018292799999999998,0.0072068218141794205,-0.004648767877370119,0.06175041384994984,,
270336,"{""0"": 159, ""1"": 146, ""2"": 333, ""3"": 386}",1.3,3,0.376953,0.002131863497197628,0.165283203125,0.0730688,-0.9752459079027176,0.9427663087844849,0.00018267200000000002,-0.011565097607672215,-0.006892828561831266,0.024139984510838985,,
271360,"{""0"": 119, ""1"": 182, ""2"": 316, ""3"": 407}",1.2867,3,0.397461,0.002149650827050209,0.11181640625,0.0729664,-0.9445422179996967,0.8764009475708008,0.000182416,0.003485037013888359,-0.00593242613831535,0.052417305298149586,,
272384,"{""0"": 136, ""1"": 197, ""2"": 330, ""3"": 361}",1.317705,3,0.352539,0.003703170921653509,0.18359375,0.072864,-0.8965034782886505,0.8551393747329712,0.00018216,0.005774819292128086,-0.0032433554879389703,0.054237029515206814,,
273408,"{""0"": 134, ""1"": 200, ""2"": 361, ""3"": 329}",1.317446,2,0.352539,0.001305882353335619,0.10107421875,0.07276160000000001,-0.9322830513119698,0.9113978743553162,0.000181904,-0.006023499183356762,-0.0044994723866693676,0.03320103790611029,,
274432,"{""0"": 136, ""1"": 162, ""2"": 312, ""3"": 414}",1.288076,3,0.404297,0.0020001495722681284,0.10595703125,0.07265920000000001,-0.9202747903764248,0.9167993664741516,0.00018164800000000002,-0.007325401529669762,-0.005978371656965464,0.0319556244648993,,
275456,"{""0"": 116, ""1"": 133, ""2"": 326, ""3"": 449}",1.237707,3,0.438477,0.0018912116065621376,0.117919921875,0.0725568,-0.9058665186166763,0.820022702217102,0.000181392,-0.003765486180782318,-0.00555623386753723,0.04963830905035138,,
276480,"{""0"": 125, ""1"": 140, ""2"": 439, ""3"": 320}",1.255371,2,0.428711,0.0023269159719347954,0.104736328125,0.07245440000000002,-0.8247221633791924,0.7889371514320374,0.00018113600000000004,0.019683359190821648,-0.001476647361414507,0.060747794806957245,,
277504,"{""0"": 122, ""1"": 162, ""2"": 350, ""3"": 390}",1.279758,3,0.380859,0.002214043401181698,0.097900390625,0.072352,-0.846617728471756,0.8693932890892029,0.00018088,0.0028753001242876053,-0.003089103091042489,0.05257112020626664,,
278528,"{""0"": 157, ""1"": 182, ""2"": 359, ""3"": 326}",1.326393,2,0.350586,0.003770003793761134,0.1708984375,0.07224960000000001,-0.918850589543581,0.805270791053772,0.000180624,0.007592141628265381,-0.0049486719944979995,0.061089367838576436,,
279552,"{""0"": 149, ""1"": 197, ""2"": 365, ""3"": 313}",1.327562,2,0.356445,0.002905280562117696,0.138671875,0.07214720000000001,-0.8866993188858032,0.8814184069633484,0.000180368,0.008631209842860699,-0.005074802553281188,0.05535559542477131,,
280576,"{""0"": 155, ""1"": 180, ""2"": 311, ""3"": 378}",1.32119,3,0.369141,0.002100173383951187,0.139892578125,0.0720448,-0.9370154105126858,0.9064314365386963,0.00018011199999999999,-0.004496097564697266,-0.005769645911641419,0.0399281857535243,,
281600,"{""0"": 113, ""1"": 138, ""2"": 380, ""3"": 393}",1.24873,3,0.383789,0.00282976939342916,0.144775390625,0.0719424,-0.9219623580574989,0.8919426202774048,0.00017985600000000002,-0.0035364385694265366,-0.004370948125142604,0.037170152412727475,,
282624,"{""0"": 149, ""1"": 150, ""2"": 341, ""3"": 384}",1.295825,3,0.375,0.002429577987641096,0.13330078125,0.07184,-0.8399574682116508,0.8768489360809326,0.00017959999999999997,-0.00023294612765312195,-0.00297634131857194,0.04517817706800997,,
283648,"{""0"": 111, ""1"": 138, ""2"": 319, ""3"": 456}",1.234527,3,0.445312,0.0015848784241825342,0.15234375,0.0717376,-0.8954682648181915,0.9099263548851013,0.000179344,-0.0066670700907707214,-0.0026216211554128677,0.03976110904477537,,
284672,"{""0"": 127, ""1"": 168, ""2"": 388, ""3"": 341}",1.289304,2,0.378906,0.0018267983105033636,0.115478515625,0.0716352,-0.7780978865921497,0.9029420614242554,0.000179088,-0.005839703604578972,-0.0037701718392781913,0.032246271381154656,,
285696,"{""0"": 137, ""1"": 184, ""2"": 330, ""3"": 373}",1.310344,3,0.364258,0.0023045996204018593,0.129638671875,0.0715328,-0.8684266619384289,0.8559978008270264,0.000178832,-0.001723695546388626,-0.003595431277062744,0.05939179775305092,,
286720,"{""0"": 154, ""1"": 132, ""2"": 350, ""3"": 388}",1.283652,3,0.378906,0.0023010072764009237,0.123779296875,0.0714304,-0.8989285491406918,0.9385024905204773,0.000178576,-0.01386527344584465,-0.006367658555973321,0.022370699211023748,,
287744,"{""0"": 127, ""1"": 146, ""2"": 378, ""3"": 373}",1.272334,2,0.369141,0.0023206318728625774,0.14306640625,0.071328,-0.8641461580991745,0.9514545798301697,0.00017832000000000001,-0.014271191321313381,-0.004075378528796136,0.017684552120044827,,
288768,"{""0"": 113, ""1"": 133, ""2"": 369, ""3"": 409}",1.242698,3,0.399414,0.0020770300179719925,0.125,0.0712256,-0.8639222197234631,0.9330430030822754,0.000178064,-0.007840747945010662,-0.0010112119489349425,0.02702787925954908,,
289792,"{""0"": 148, ""1"": 182, ""2"": 297, ""3"": 397}",1.312939,3,0.387695,0.0022136105690151453,0.1357421875,0.0711232,-0.7844459265470505,0.9366548657417297,0.000177808,-0.007456492632627487,-0.0059778932482004166,0.022195504629053175,,
290816,"{""0"": 127, ""1"": 120, ""2"": 394, ""3"": 383}",1.245446,2,0.384766,0.002131473971530795,0.129638671875,0.0710208,-0.9208657890558243,0.9098249673843384,0.00017755199999999998,-0.0041838157922029495,-0.0041461756627541035,0.02883917256258428,,
291840,"{""0"": 166, ""1"": 146, ""2"": 308, ""3"": 404}",1.300965,3,0.394531,0.002299895044416189,0.118408203125,0.0709184,-0.8755819238722324,0.852561354637146,0.00017729600000000002,0.00013229809701442719,-0.005236617376795039,0.04835044196806848,,
292864,"{""0"": 115, ""1"": 121, ""2"": 400, ""3"": 388}",1.232826,2,0.390625,0.002574757905676961,0.120361328125,0.070816,-0.8821877539157867,0.868370771408081,0.00017704,-0.003220394253730774,-0.00533454236574471,0.044571598060429096,,
293888,"{""0"": 155, ""1"": 190, ""2"": 358, ""3"": 321}",1.329393,2,0.349609,0.002314911223948002,0.12890625,0.0707136,-0.8396413289010525,0.8595331311225891,0.000176784,0.001238171011209488,-0.0015337633667513728,0.0490664760582149,,
294912,"{""0"": 135, ""1"": 181, ""2"": 347, ""3"": 361}",1.307702,3,0.352539,0.003180602565407753,0.123046875,0.07061120000000001,-0.891791544854641,0.9259512424468994,0.00017652800000000001,-0.010618883185088634,-0.005785065208328888,0.024492340860888362,,
295936,"{""0"": 127, ""1"": 118, ""2"": 351, ""3"": 428}",1.239486,3,0.417969,0.0017997431568801403,0.098388671875,0.0705088,-0.8992534466087818,0.9228525161743164,0.000176272,-0.011137072928249836,-0.0054376121843233705,0.027312938356772065,,
296960,"{""0"": 159, ""1"": 207, ""2"": 313, ""3"": 345}",1.341225,3,0.336914,0.0023244309704750776,0.118896484375,0.07040640000000001,-0.853749219328165,0.8590103387832642,0.000176016,0.006394087336957455,-0.0032963937846943736,0.043003828497603536,,
297984,"{""0"": 141, ""1"": 131, ""2"": 334, ""3"": 418}",1.267235,3,0.408203,0.0026887007988989353,0.1416015625,0.070304,-0.8951316997408867,0.9066562056541443,0.00017576,-0.002984246239066124,-0.005688637727871537,0.036891683703288436,,
299008,"{""0"": 134, ""1"": 149, ""2"": 363, ""3"": 378}",1.2821,3,0.369141,0.00252631027251482,0.136474609375,0.0702016,-0.866281408816576,0.8591843843460083,0.000175504,-0.0022619329392910004,-0.0045581620070151985,0.04532217048108578,,
300032,"{""0"": 134, ""1"": 123, ""2"": 344, ""3"": 423}",1.252343,3,0.413086,0.0011251457035541534,0.086181640625,0.07009920000000001,-0.8746573328971863,0.8879398107528687,0.00017524800000000003,-0.0012655127793550491,-0.004398257719003595,0.04252338979858905,,
301056,"{""0"": 133, ""1"": 136, ""2"": 318, ""3"": 437}",1.259791,3,0.426758,0.0024562240578234196,0.124755859375,0.0699968,-0.8142879605293274,0.8331838846206665,0.00017499199999999998,0.0010437630116939545,-0.004534032254014164,0.053387177642434835,,
302080,"{""0"": 162, ""1"": 170, ""2"": 337, ""3"": 355}",1.322833,3,0.34668,0.001371485646814108,0.0732421875,0.06989440000000001,-0.8434857577085495,0.8245978355407715,0.00017473600000000002,0.0019121598452329636,-0.00408648862503469,0.04983378853648901,,
303104,"{""0"": 176, ""1"": 158, ""2"": 337, ""3"": 353}",1.323927,3,0.344727,0.0017373996088281274,0.0927734375,0.069792,-0.8408077135682106,0.845176637172699,0.00017448,0.0057510677725076675,-0.004396487202029675,0.06354467943310738,,
304128,"{""0"": 184, ""1"": 162, ""2"": 329, ""3"": 349}",1.331802,3,0.34082,0.0026230060029774904,0.141357421875,0.0696896,-0.8890015073120594,0.906679630279541,0.000174224,0.0010639503598213196,-0.006905533897224814,0.04370898613706231,,
305152,"{""0"": 213, ""1"": 188, ""2"": 294, ""3"": 329}",1.360884,3,0.321289,0.001547622145153582,0.1201171875,0.0695872,-0.9117936007678509,0.8835959434509277,0.000173968,-0.0012345071882009506,-0.005161981418495998,0.04756507417187095,,
306176,"{""0"": 170, ""1"": 149, ""2"": 337, ""3"": 368}",1.31212,3,0.359375,0.0015590419061481953,0.085693359375,0.0694848,-0.9466874338686466,0.9487813711166382,0.00017371200000000002,-0.012379259802401066,-0.005012085137423128,0.023617666796781123,,
307200,"{""0"": 184, ""1"": 207, ""2"": 252, ""3"": 381}",1.344515,3,0.37207,0.001621639123186469,0.137451171875,0.0693824,-0.8489233143627644,0.8901978731155396,0.000173456,-0.0003539193421602249,-0.004386980959679931,0.04160835570655763,,
308224,"{""0"": 150, ""1"": 137, ""2"": 299, ""3"": 438}",1.273193,3,0.427734,0.0032126877922564745,0.1484375,0.06928000000000001,-0.915927954018116,0.9304156303405762,0.00017320000000000004,-0.003924036398530006,-0.005161037261132151,0.031748675275593996,,
309248,"{""0"": 113, ""1"": 178, ""2"": 319, ""3"": 414}",1.276827,3,0.404297,0.001392751932144165,0.133544921875,0.06917759999999999,-0.8334607817232609,0.8665711879730225,0.000172944,-0.00023376941680908203,-0.005349233804736286,0.045800417428836226,,
310272,"{""0"": 139, ""1"": 182, ""2"": 282, ""3"": 421}",1.298672,3,0.411133,0.002065087202936411,0.09521484375,0.0690752,-0.8127262517809868,0.9230524301528931,0.00017268800000000002,-0.010128097608685493,-0.004789459781022742,0.026004303188528866,,
311296,"{""0"": 149, ""1"": 157, ""2"": 330, ""3"": 388}",1.300623,3,0.378906,0.00192255771253258,0.104736328125,0.0689728,-0.8507782630622387,0.9227427244186401,0.000172432,-0.0046912264078855515,-0.004304296860937029,0.025459347292780876,,
312320,"{""0"": 157, ""1"": 174, ""2"": 289, ""3"": 404}",1.312648,3,0.394531,0.0017006061971187592,0.13037109375,0.0688704,-0.8819949999451637,0.8821740746498108,0.00017217599999999999,0.0027680322527885437,-0.004263760696630925,0.047160150250419974,,
313344,"{""0"": 169, ""1"": 149, ""2"": 320, ""3"": 386}",1.309053,3,0.376953,0.0027668308466672897,0.14013671875,0.06876800000000001,-0.8790830709040165,0.9062314629554749,0.00017192000000000002,-0.006979179568588734,-0.007898428884800524,0.038709030603058636,,
314368,"{""0"": 193, ""1"": 175, ""2"": 295, ""3"": 361}",1.342527,3,0.352539,0.0016670008189976215,0.120849609375,0.0686656,-0.8626607470214367,0.9335784912109375,0.00017166399999999997,-0.0024123303592205048,-0.004643905966077,0.03272438677959144,,
315392,"{""0"": 169, ""1"": 185, ""2"": 316, ""3"": 354}",1.336487,3,0.345703,0.0023861422669142485,0.10693359375,0.0685632,-0.9516360498964787,0.9131993651390076,0.000171408,-0.010462404228746891,-0.0049780457629822195,0.03291303606238216,,
316416,"{""0"": 149, ""1"": 149, ""2"": 373, ""3"": 353}",1.295937,2,0.364258,0.002018072409555316,0.115478515625,0.0684608,-0.9056087173521519,0.9283936619758606,0.000171152,-0.007121170870959759,-0.005532994604436681,0.029617530177347362,,
317440,"{""0"": 148, ""1"": 201, ""2"": 292, ""3"": 383}",1.324771,3,0.374023,0.0027288298588246107,0.14453125,0.0683584,-0.9029595106840134,0.9077489376068115,0.000170896,-0.008249754086136818,-0.006703151680994779,0.034943330101668835,,
318464,"{""0"": 176, ""1"": 182, ""2"": 248, ""3"": 418}",1.318878,3,0.408203,0.0025229568127542734,0.113037109375,0.06825600000000001,-0.8829078488051891,0.9361742734909058,0.00017064,-0.011821487918496132,-0.005020641314331442,0.022825829277280718,,
319488,"{""0"": 117, ""1"": 175, ""2"": 350, ""3"": 382}",1.284559,3,0.373047,0.004001452587544918,0.1650390625,0.0681536,-0.8882701806724072,0.9179384112358093,0.000170384,-0.007754520513117313,-0.0046501536562573165,0.025565556483343244,,
320512,"{""0"": 127, ""1"": 162, ""2"": 296, ""3"": 439}",1.272444,3,0.428711,0.0019754990935325623,0.1123046875,0.0680512,-0.847785908728838,0.9248443841934204,0.000170128,-0.00952010229229927,-0.0058783526183106005,0.03216746833641082,,
321536,"{""0"": 120, ""1"": 156, ""2"": 392, ""3"": 356}",1.272794,2,0.382812,0.0014209204819053411,0.07763671875,0.0679488,-0.8663274236023426,0.9379467368125916,0.000169872,-0.002909203991293907,-0.00435524364002049,0.024384390795603395,,
322560,"{""0"": 114, ""1"": 148, ""2"": 393, ""3"": 369}",1.259299,2,0.383789,0.0020256182178854942,0.129150390625,0.0678464,-0.8536708056926727,0.8978976607322693,0.00016961599999999998,-0.011245863512158394,-0.004978731798473746,0.03779870946891606,,
323584,"{""0"": 115, ""1"": 116, ""2"": 320, ""3"": 473}",1.212528,3,0.461914,0.002443500328809023,0.13037109375,0.06774400000000001,-0.8342985473573208,0.946424663066864,0.00016936000000000002,-0.005656438879668713,-0.00414319962146692,0.025279766763560474,,
324608,"{""0"": 129, ""1"": 132, ""2"": 374, ""3"": 389}",1.260623,3,0.379883,0.0014348926488310099,0.0947265625,0.06764160000000001,-0.8263098150491714,0.9241470694541931,0.000169104,-0.007363240234553814,-0.004445686005055904,0.028678319067694247,,
325632,"{""0"": 104, ""1"": 120, ""2"": 345, ""3"": 455}",1.210501,3,0.444336,0.0020185941830277443,0.12255859375,0.06753920000000001,-0.8169234283268452,0.893557071685791,0.000168848,0.0029669255018234253,-0.0033613640116527677,0.04385002003982663,,
326656,"{""0"": 150, ""1"": 185, ""2"": 323, ""3"": 366}",1.322188,3,0.357422,0.0015800229739397764,0.12060546875,0.0674368,-0.7862670980393887,0.9256553053855896,0.00016859200000000001,-0.011952090077102184,-0.005672512692399323,0.0259294796269387,,
327680,"{""0"": 107, ""1"": 93, ""2"": 362, ""3"": 462}",1.180563,3,0.451172,0.002206232864409685,0.15576171875,0.0673344,-0.8707825802266598,0.8623536825180054,0.000168336,-0.000861097127199173,-0.00534109931322746,0.0525669336784631,,
328704,"{""0"": 154, ""1"": 154, ""2"": 334, ""3"": 382}",1.3031,3,0.373047,0.0014541945420205593,0.08447265625,0.067232,-0.7026823125779629,0.8954736590385437,0.00016808,0.0004937928169965744,-0.003837499942164868,0.03569734143093228,,
329728,"{""0"": 135, ""1"": 156, ""2"": 340, ""3"": 393}",1.287391,3,0.383789,0.0035205089952796698,0.140625,0.0671296,-0.814940057694912,0.9461990594863892,0.000167824,-0.006498600356280804,-0.005092113773571327,0.021220250404439867,,
330752,"{""0"": 157, ""1"": 218, ""2"": 316, ""3"": 333}",1.344971,3,0.325195,0.002111160196363926,0.1689453125,0.0670272,-0.8794569224119186,0.8785912394523621,0.000167568,-0.0020458977669477463,-0.005087174125947058,0.042192632565274835,,
331776,"{""0"": 156, ""1"": 171, ""2"": 359, ""3"": 338}",1.31887,2,0.350586,0.0018686072435230017,0.11767578125,0.0669248,-0.922070387750864,0.9601466059684753,0.00016731200000000003,-0.012005659751594067,-0.006087562767788768,0.019660726480651647,,
332800,"{""0"": 160, ""1"": 166, ""2"": 280, ""3"": 418}",1.30531,3,0.408203,0.0013605747371912003,0.1123046875,0.06682239999999999,-0.8710910193622112,0.9389733672142029,0.00016705599999999998,-0.0035677682608366013,-0.0031910610268823802,0.028979291673749685,,
333824,"{""0"": 145, ""1"": 160, ""2"": 328, ""3"": 391}",1.299121,3,0.381836,0.003196036908775568,0.1259765625,0.06672,-0.8747648000717163,0.9327985644340515,0.00016680000000000002,-0.009693725034594536,-0.0042261017370037735,0.022641937364824116,,
334848,"{""0"": 105, ""1"": 129, ""2"": 342, ""3"": 448}",1.222454,3,0.4375,0.0014207917265594006,0.105224609375,0.0666176,-0.840871449559927,0.9547908902168274,0.000166544,-0.012053024023771286,-0.0035555537906475365,0.016522827092558146,,
335872,"{""0"": 150, ""1"": 174, ""2"": 342, ""3"": 358}",1.316231,3,0.349609,0.002914046635851264,0.140380859375,0.0665152,-0.7618271000683308,0.9272319674491882,0.000166288,-0.003474375233054161,-0.0032262164750136435,0.029394955141469836,,
336896,"{""0"": 149, ""1"": 154, ""2"": 327, ""3"": 394}",1.297411,3,0.384766,0.0023206074256449938,0.16943359375,0.06641280000000001,-0.8543951325118542,0.9327967166900635,0.000166032,-0.006707191467285156,-0.004428884043591097,0.030169484089128673,,
337920,"{""0"": 101, ""1"": 125, ""2"": 385, ""3"": 413}",1.219217,3,0.40332,0.0018709574360400438,0.101318359375,0.0663104,-0.8140123412013054,0.9261190295219421,0.00016577600000000002,-0.005233699455857277,-0.005092016246635467,0.028334107832051814,,
338944,"{""0"": 84, ""1"": 80, ""2"": 367, ""3"": 493}",1.123982,3,0.481445,0.002037817845121026,0.1259765625,0.066208,-0.7701422199606895,0.8865528106689453,0.00016552,-0.004679650999605656,-0.0048560554278083146,0.03688518994022161,,
339968,"{""0"": 157, ""1"": 168, ""2"": 366, ""3"": 333}",1.317085,2,0.357422,0.0017800664063543081,0.13134765625,0.0661056,-0.6615020595490932,0.8943579196929932,0.000165264,0.004891885444521904,-0.0022901649062987417,0.037341096554882824,,
340992,"{""0"": 158, ""1"": 171, ""2"": 347, ""3"": 348}",1.320733,3,0.339844,0.0024726625997573137,0.13525390625,0.0660032,-0.8990941718220711,0.9295710325241089,0.000165008,0.00135728158056736,-0.003615314490161836,0.033057337859645486,,
342016,"{""0"": 122, ""1"": 139, ""2"": 440, ""3"": 323}",1.251447,2,0.429688,0.00225851871073246,0.120361328125,0.06590080000000001,-0.8695609644055367,0.9216717481613159,0.00016475200000000002,0.002674342133104801,-0.002951572270831093,0.03171124041546136,,
343040,"{""0"": 145, ""1"": 150, ""2"": 361, ""3"": 368}",1.293502,3,0.359375,0.002472501015290618,0.148193359375,0.0657984,-0.7865510545670986,0.9349465370178223,0.000164496,-0.0027876123785972595,-0.0036082238948438317,0.030630425666458905,,
344064,"{""0"": 107, ""1"": 140, ""2"": 407, ""3"": 370}",1.242599,2,0.397461,0.0014635274419561028,0.131591796875,0.065696,-0.899144846946001,0.9219576716423035,0.00016424,-0.0021517518907785416,-0.004674361174693331,0.03071910876315087,,
345088,"{""0"": 135, ""1"": 160, ""2"": 342, ""3"": 387}",1.291183,3,0.37793,0.001686363946646452,0.133056640625,0.06559360000000002,-0.7549305334687233,0.9523007869720459,0.00016398400000000002,-0.0009742351248860359,-0.0031033155974000692,0.025712121394462883,,
346112,"{""0"": 118, ""1"": 162, ""2"": 374, ""3"": 370}",1.276394,2,0.365234,0.0018355248030275106,0.1494140625,0.0654912,-0.8663471341133118,0.9059504270553589,0.00016372799999999997,-0.006598601583391428,-0.005022890982218087,0.026764849142637104,,
347136,"{""0"": 97, ""1"": 130, ""2"": 353, ""3"": 444}",1.214738,3,0.433594,0.0019985453691333532,0.15576171875,0.06538880000000001,-0.8308960646390915,0.93213951587677,0.000163472,-0.0035639777779579163,-0.0057443433906883,0.027128865593113005,,
348160,"{""0"": 91, ""1"": 144, ""2"": 330, ""3"": 459}",1.215577,3,0.448242,0.002012480515986681,0.1220703125,0.06528640000000001,-0.7942686975002289,0.8820782899856567,0.000163216,0.0021135611459612846,-0.0046586231328547,0.04283320507965982,,
349184,"{""0"": 106, ""1"": 123, ""2"": 395, ""3"": 400}",1.223983,3,0.390625,0.002328812610358,0.10400390625,0.065184,-0.7504552602767944,0.8885034918785095,0.00016296,0.0036963243037462234,-0.003324585355585441,0.03893907240126282,,
350208,"{""0"": 119, ""1"": 183, ""2"": 387, ""3"": 335}",1.291144,2,0.37793,0.002891097217798233,0.138916015625,0.0650816,-0.7726356647908688,0.8379336595535278,0.000162704,0.011939762160182,-0.0027087903872597963,0.06011522398330271,,
351232,"{""0"": 137, ""1"": 196, ""2"": 326, ""3"": 365}",1.317664,3,0.356445,0.0018894725944846869,0.1103515625,0.0649792,-0.8493187241256237,0.9402828216552734,0.000162448,-0.007755490019917488,-0.00474768943968229,0.031548351515084505,,
352256,"{""0"": 171, ""1"": 161, ""2"": 327, ""3"": 365}",1.321989,3,0.356445,0.001951822778210044,0.12451171875,0.0648768,-0.8920604698359966,0.8573386669158936,0.000162192,0.006993304938077927,-0.00429387972690165,0.052187855588272214,,
353280,"{""0"": 136, ""1"": 151, ""2"": 397, ""3"": 340}",1.283821,2,0.387695,0.002050611190497875,0.12158203125,0.0647744,-0.8695038184523582,0.9212477207183838,0.000161936,0.0015681637451052666,-0.004991759778931737,0.03421846893616021,,
354304,"{""0"": 163, ""1"": 177, ""2"": 356, ""3"": 328}",1.327914,2,0.347656,0.00414019962772727,0.202880859375,0.064672,-0.8691608048975468,0.9439899921417236,0.00016167999999999998,-0.007651827298104763,-0.0034694613714236766,0.02500790567137301,,
355328,"{""0"": 149, ""1"": 154, ""2"": 314, ""3"": 407}",1.294582,3,0.397461,0.0016633926425129175,0.111572265625,0.0645696,-0.8783545345067978,0.9160974621772766,0.00016142400000000002,-0.0012058848515152931,-0.0027978271536994725,0.033688430674374104,,
356352,"{""0"": 95, ""1"": 121, ""2"": 347, ""3"": 461}",1.198932,3,0.450195,0.0023111028131097555,0.0966796875,0.0644672,-0.8573322668671608,0.8924357891082764,0.000161168,-0.005162060260772705,-0.004181775962933898,0.033541777869686484,,
357376,"{""0"": 116, ""1"": 161, ""2"": 340, ""3"": 407}",1.270387,3,0.397461,0.0018757008947432041,0.121337890625,0.0643648,-0.7071526646614075,0.9327275156974792,0.000160912,-0.008003203198313713,-0.003127361153019592,0.025753004592843354,,
358400,"{""0"": 136, ""1"": 197, ""2"": 336, ""3"": 355}",1.318129,3,0.34668,0.002546601463109255,0.16162109375,0.0642624,-0.863823227584362,0.8243603706359863,0.000160656,0.010149359703063965,-0.005703004484530538,0.06619851477444172,,
359424,"{""0"": 157, ""1"": 180, ""2"": 358, ""3"": 329}",1.325323,2,0.349609,0.001587286707945168,0.13330078125,0.06416,-0.9234161451458931,0.9034067988395691,0.0001604,-0.006097469478845596,-0.00496174959698692,0.03871524706482887,,
360448,"{""0"": 144, ""1"": 161, ""2"": 336, ""3"": 383}",1.300216,3,0.374023,0.0018708163406699896,0.13134765625,0.0640576,-0.9316153451800346,0.9187976121902466,0.000160144,-0.002391211688518524,-0.0055369584588333964,0.03461976093240082,,
361472,"{""0"": 158, ""1"": 207, ""2"": 359, ""3"": 300}",1.338688,2,0.350586,0.0021553877741098404,0.141845703125,0.0639552,-0.8392532877624035,0.8995816707611084,0.000159888,-0.005352122709155083,-0.005401558999437839,0.03253111825324595,,
362496,"{""0"": 139, ""1"": 175, ""2"": 351, ""3"": 359}",1.30747,3,0.350586,0.0013958110939711332,0.068603515625,0.0638528,-0.934488583356142,0.9248127937316895,0.000159632,-0.0065661584958434105,-0.0033301932271569967,0.028418849338777363,,
363520,"{""0"": 132, ""1"": 173, ""2"": 375, ""3"": 344}",1.298828,2,0.366211,0.002141584875062108,0.123291015625,0.06375040000000001,-0.9104790426790714,0.8817404508590698,0.00015937600000000003,0.0038247667253017426,-0.004405374173074961,0.043807833921164274,,
364544,"{""0"": 138, ""1"": 227, ""2"": 376, ""3"": 283}",1.327359,2,0.367188,0.001704988069832325,0.1162109375,0.063648,-0.8700595125555992,0.8736347556114197,0.00015911999999999998,-6.893649697303772e-05,-0.004275888291886076,0.04714770312421024,,
365568,"{""0"": 144, ""1"": 185, ""2"": 377, ""3"": 318}",1.316035,2,0.368164,0.001409629243426025,0.1005859375,0.06354560000000001,-0.9181072451174259,0.906677782535553,0.00015886400000000002,-0.00018750783056020737,-0.0022632228501606733,0.03320060740225017,,
366592,"{""0"": 149, ""1"": 205, ""2"": 339, ""3"": 331}",1.333503,2,0.331055,0.001540608936920762,0.1083984375,0.0634432,-0.9022378884255886,0.8969979882240295,0.000158608,-0.0024689696729183197,-0.004557396488962695,0.03562612656969577,,
367616,"{""0"": 158, ""1"": 171, ""2"": 350, ""3"": 345}",1.320716,2,0.341797,0.0015091458335518837,0.136474609375,0.0633408,-0.9106386117637157,0.8490427136421204,0.000158352,0.0026564765721559525,-0.005553509632591158,0.05905194510705769,,
368640,"{""0"": 123, ""1"": 184, ""2"": 321, ""3"": 396}",1.29405,3,0.386719,0.002183393109589815,0.1494140625,0.06323840000000001,-0.9218289852142334,0.8962185382843018,0.000158096,0.0011767484247684479,-0.0032079567317850888,0.04149577999487519,,
369664,"{""0"": 153, ""1"": 189, ""2"": 329, ""3"": 353}",1.327845,3,0.344727,0.0016293037915602326,0.100341796875,0.063136,-0.8934971839189529,0.8935422301292419,0.00015784,0.0028708307072520256,-0.0037039745948277414,0.03681816009338945,,
370688,"{""0"": 136, ""1"": 165, ""2"": 342, ""3"": 381}",1.2964,3,0.37207,0.0016287930775433779,0.105224609375,0.06303360000000001,-0.9170726351439953,0.898564338684082,0.000157584,-0.004838794469833374,-0.0051683314377442,0.03108350106049329,,
371712,"{""0"": 158, ""1"": 224, ""2"": 298, ""3"": 344}",1.346498,3,0.335938,0.0027512400411069393,0.1474609375,0.0629312,-0.8321821242570877,0.8592606782913208,0.000157328,0.011986810714006424,-0.005034299334511161,0.05356320692226291,,
372736,"{""0"": 151, ""1"": 207, ""2"": 323, ""3"": 343}",1.335764,3,0.334961,0.0019125150283798575,0.101806640625,0.0628288,-0.9405974000692368,0.8853733539581299,0.000157072,-0.004190677776932716,-0.0033067298354581,0.03636900265701115,,
373760,"{""0"": 133, ""1"": 180, ""2"": 373, ""3"": 338}",1.304434,2,0.364258,0.0020966660231351852,0.12451171875,0.0627264,-0.8931515030562878,0.919812798500061,0.00015681600000000002,-0.0052638184279203415,-0.005133304512128234,0.028468599659390748,,
374784,"{""0"": 128, ""1"": 194, ""2"": 295, ""3"": 407}",1.30035,3,0.397461,0.0013112856540828943,0.094970703125,0.062624,-0.8316163271665573,0.9477693438529968,0.00015656,-0.005166732706129551,-0.002099862991599366,0.022863765247166157,,
375808,"{""0"": 138, ""1"": 227, ""2"": 358, ""3"": 301}",1.331378,2,0.349609,0.001943830749951303,0.127685546875,0.0625216,-0.8706352151930332,0.9021180272102356,0.000156304,-0.006424283143132925,-0.005328665254637599,0.029280997638124973,,
376832,"{""0"": 157, ""1"": 214, ""2"": 293, ""3"": 360}",1.340224,3,0.351562,0.0030100648291409016,0.18505859375,0.06241920000000001,-0.9240578450262547,0.9177590012550354,0.00015604800000000002,-0.0056508127599954605,-0.00435960000322666,0.03231906483415514,,
377856,"{""0"": 107, ""1"": 149, ""2"": 383, ""3"": 385}",1.2521,3,0.375977,0.0012658280320465565,0.100341796875,0.0623168,-0.9040459878742695,0.9126481413841248,0.000155792,-0.0015562977641820908,-0.0027180970646440983,0.039609296596609056,,
378880,"{""0"": 173, ""1"": 234, ""2"": 320, ""3"": 297}",1.360216,2,0.3125,0.0016777704004198313,0.1025390625,0.0622144,-0.8326500728726387,0.8446964025497437,0.000155536,0.004586327821016312,-0.004085085878614336,0.05559254321269691,,
379904,"{""0"": 137, ""1"": 208, ""2"": 323, ""3"": 356}",1.324145,3,0.347656,0.00210461113601923,0.1337890625,0.062112,-0.9182537458837032,0.9164093136787415,0.00015528000000000002,0.0005449214950203896,-0.0032656709372531623,0.035508417640812695,,
380928,"{""0"": 128, ""1"": 154, ""2"": 380, ""3"": 362}",1.280309,2,0.371094,0.0015433195512741804,0.1357421875,0.0620096,-0.928161296993494,0.8248308300971985,0.000155024,0.015467632561922073,-0.004685130203142762,0.07303895126096904,,
381952,"{""0"": 127, ""1"": 174, ""2"": 322, ""3"": 401}",1.290972,3,0.391602,0.001874103443697095,0.13037109375,0.06190720000000001,-0.8103880025446415,0.8708580136299133,0.00015476800000000003,0.0014706142246723175,-0.004850356257520616,0.050816202303394675,,
382976,"{""0"": 96, ""1"": 161, ""2"": 424, ""3"": 343}",1.244253,2,0.414062,0.002135139424353838,0.12158203125,0.06180479999999999,-0.8360077403485775,0.8781933188438416,0.000154512,-0.005906200036406517,-0.0055330132599920034,0.0400844132527709,,
384000,"{""0"": 140, ""1"": 220, ""2"": 289, ""3"": 375}",1.327348,3,0.366211,0.002099709352478385,0.11962890625,0.061702400000000004,-0.8201788142323494,0.8448818922042847,0.000154256,0.002743832767009735,-0.004554887767881155,0.04725024406798184,,
385024,"{""0"": 125, ""1"": 184, ""2"": 324, ""3"": 391}",1.296889,3,0.381836,0.0015304824337363243,0.111083984375,0.0616,-0.8864326737821102,0.8651654124259949,0.000154,0.0019744345918297768,-0.004474447341635823,0.0406531902262941,,
386048,"{""0"": 146, ""1"": 209, ""2"": 350, ""3"": 319}",1.332324,2,0.341797,0.0014859490329399705,0.112060546875,0.0614976,-0.8846643306314945,0.8891040086746216,0.00015374399999999998,0.0006620176136493683,-0.003540960024110973,0.041903071803972125,,
387072,"{""0"": 163, ""1"": 218, ""2"": 333, ""3"": 310}",1.348903,2,0.325195,0.0015460336580872536,0.127197265625,0.06139520000000001,-0.901115283370018,0.9211152791976929,0.00015348800000000002,-0.008114825934171677,-0.004761164542287588,0.03125029837246984,,
388096,"{""0"": 131, ""1"": 203, ""2"": 309, ""3"": 381}",1.313268,3,0.37207,0.0016889527905732393,0.14404296875,0.061292799999999995,-0.8869343958795071,0.9083574414253235,0.00015323199999999997,-0.0039031878113746643,-0.004347932932432741,0.035507209482602775,,
389120,"{""0"": 135, ""1"": 196, ""2"": 290, ""3"": 403}",1.307879,3,0.393555,0.0021591493859887123,0.1484375,0.061190400000000006,-0.8460761234164238,0.8947705626487732,0.000152976,-0.0018232539296150208,-0.004288058262318373,0.038384134182706475,,
390144,"{""0"": 170, ""1"": 255, ""2"": 296, ""3"": 303}",1.36339,3,0.295898,0.0015582002233713865,0.158935546875,0.061088,-0.8769254460930824,0.920783281326294,0.00015272,-0.0024182917550206184,-0.005439786109491251,0.03254695585928857,,
391168,"{""0"": 152, ""1"": 231, ""2"": 289, ""3"": 352}",1.343167,3,0.34375,0.001638761255890131,0.1220703125,0.0609856,-0.9402154944837093,0.8901848793029785,0.000152464,0.0005234982818365097,-0.004371217102743685,0.048083422356285155,,
392192,"{""0"": 114, ""1"": 211, ""2"": 357, ""3"": 342}",1.303517,2,0.348633,0.0022373974788933992,0.118408203125,0.060883200000000005,-0.8774022348225117,0.9220089316368103,0.000152208,-0.0029503144323825836,-0.003545095503795892,0.027182835270650685,,
393216,"{""0"": 98, ""1"": 170, ""2"": 347, ""3"": 409}",1.255947,3,0.399414,0.0018314437475055456,0.193359375,0.0607808,-0.8857602924108505,0.888861894607544,0.000151952,-0.002106614410877228,-0.004002850269898772,0.041929082362912595,,
394240,"{""0"": 124, ""1"": 164, ""2"": 343, ""3"": 393}",1.282896,3,0.383789,0.0020978793036192656,0.127685546875,0.0606784,-0.8152833245694637,0.8999316692352295,0.000151696,-0.005579229444265366,-0.004343706765212119,0.03337507043033838,,
395264,"{""0"": 166, ""1"": 176, ""2"": 373, ""3"": 309}",1.327032,2,0.364258,0.001792112598195672,0.161376953125,0.06057600000000001,-0.8362667821347713,0.8927474617958069,0.00015144000000000003,-0.006392072886228561,-0.004577449930366129,0.035321510513313115,,
396288,"{""0"": 151, ""1"": 204, ""2"": 336, ""3"": 333}",1.334629,2,0.328125,0.0018830173648893833,0.11083984375,0.060473599999999995,-0.8841366991400719,0.9066287279129028,0.00015118399999999998,-0.0018092161044478416,-0.004674390656873584,0.038420251687057316,,
397312,"{""0"": 176, ""1"": 266, ""2"": 290, ""3"": 292}",1.367905,3,0.285156,0.0014087450690567493,0.08984375,0.06037120000000001,-0.9214312881231308,0.9460906386375427,0.00015092800000000002,-0.009704492054879665,-0.005177836981602013,0.020694576553069055,,
398336,"{""0"": 150, ""1"": 174, ""2"": 345, ""3"": 355}",1.316339,3,0.34668,0.0014736175071448088,0.1201171875,0.060268800000000004,-0.9583478048443794,0.8304806351661682,0.000150672,-0.0025552865117788315,-0.004868791293120012,0.05617871857248247,,
399360,"{""0"": 131, ""1"": 211, ""2"": 335, ""3"": 347}",1.320786,3,0.338867,0.0013109573628753424,0.146484375,0.0601664,-0.8755087964236736,0.8905949592590332,0.000150416,0.0007627438753843307,-0.0035952524340245873,0.041703919880092144,,
400384,"{""0"": 163, ""1"": 209, ""2"": 328, ""3"": 324}",1.345633,2,0.320312,0.002137349219992757,0.131591796875,0.060064000000000006,-0.9220767877995968,0.8986689448356628,0.00015016,-0.0042458148673176765,-0.005093212646897882,0.03616058791521937,,
401408,"{""0"": 129, ""1"": 170, ""2"": 337, ""3"": 388}",1.292566,3,0.378906,0.0011300027836114168,0.13037109375,0.0599616,-0.9463696330785751,0.9142172336578369,0.000149904,-0.004848985932767391,-0.0036732573062181473,0.03950493165757507,,
402432,"{""0"": 97, ""1"": 150, ""2"": 437, ""3"": 340}",1.234094,2,0.426758,0.0023287476506084204,0.132568359375,0.0598592,-0.8759394399821758,0.8924694061279297,0.000149648,-0.0009930413216352463,-0.0034055777941830456,0.03101206838618964,,
403456,"{""0"": 151, ""1"": 202, ""2"": 339, ""3"": 332}",1.333622,2,0.331055,0.0008585648029111326,0.08642578125,0.0597568,-0.8125788979232311,0.8701158165931702,0.000149392,0.006049947813153267,-0.0029889274737797678,0.04570853756740689,,
404480,"{""0"": 147, ""1"": 190, ""2"": 370, ""3"": 317}",1.322003,2,0.361328,0.0009727209690026939,0.1005859375,0.059654399999999996,-0.9325699359178543,0.8949194550514221,0.000149136,-0.001035473309457302,-0.002339871338335797,0.04019147402141243,,
405504,"{""0"": 144, ""1"": 173, ""2"": 356, ""3"": 351}",1.310589,2,0.347656,0.0022873037960380316,0.16015625,0.05955200000000001,-0.8910168223083019,0.8775515556335449,0.00014888000000000002,-0.0002897661179304123,-0.0033724239328876138,0.04363047797232866,,
406528,"{""0"": 131, ""1"": 177, ""2"": 379, ""3"": 337}",1.300101,2,0.370117,0.001553995069116354,0.10498046875,0.059449600000000005,-0.900815986096859,0.8533836603164673,0.000148624,0.004096604883670807,-0.0053845057263970375,0.06149331456981599,,
407552,"{""0"": 168, ""1"": 237, ""2"": 278, ""3"": 341}",1.355391,3,0.333008,0.0015040598809719086,0.11083984375,0.0593472,-0.835630252957344,0.8816603422164917,0.000148368,0.001792985014617443,-0.00264602032257244,0.042381029576063156,,
408576,"{""0"": 180, ""1"": 242, ""2"": 309, ""3"": 293}",1.366093,2,0.301758,0.0016140637453645468,0.1171875,0.0592448,-0.9145216718316078,0.8736156821250916,0.000148112,0.0006035547703504562,-0.00341034954180941,0.04336525371763855,,
409600,"{""0"": 213, ""1"": 237, ""2"": 284, ""3"": 290}",1.378289,3,0.283203,0.0016819564625620842,0.11083984375,0.0591424,-0.9339684583246708,0.9196970462799072,0.000147856,-0.0032121315598487854,-0.003523808380123228,0.038927753805182874,,
410624,"{""0"": 203, ""1"": 216, ""2"": 305, ""3"": 300}",1.369489,2,0.297852,0.0014806773979216814,0.108154296875,0.05904000000000001,-0.9812767654657364,0.9409902691841125,0.0001476,-0.012842483818531036,-0.004994655406335369,0.019558382919058204,,
411648,"{""0"": 191, ""1"": 222, ""2"": 294, ""3"": 317}",1.365922,3,0.30957,0.002045836765319109,0.08740234375,0.05893760000000001,-0.917842198163271,0.9338175058364868,0.00014734400000000002,-0.00581261795014143,-0.003992896236013621,0.02457256114576012,,
412672,"{""0"": 129, ""1"": 150, ""2"": 339, ""3"": 406}",1.27512,3,0.396484,0.00138402683660388,0.113525390625,0.058835200000000004,-0.9564619846642017,0.8911279439926147,0.000147088,-0.0021258890628814697,-0.004776692308951169,0.03719768230803311,,
413696,"{""0"": 165, ""1"": 236, ""2"": 290, ""3"": 333}",1.354985,3,0.325195,0.0016447142697870731,0.10498046875,0.05873280000000001,-0.8311108909547329,0.8422643542289734,0.00014683200000000003,0.0005148667842149734,-0.0035732737160287797,0.04528128355741501,,
414720,"{""0"": 171, ""1"": 204, ""2"": 345, ""3"": 304}",1.34737,2,0.336914,0.0016591043677181005,0.12451171875,0.0586304,-0.9700597338378429,0.9172488451004028,0.000146576,-0.007517097517848015,-0.005741946923080832,0.03070764255244285,,
415744,"{""0"": 175, ""1"": 199, ""2"": 291, ""3"": 359}",1.345285,3,0.350586,0.0021393566858023405,0.134033203125,0.058528000000000004,-0.9206358082592487,0.9200921058654785,0.00014632000000000002,-0.004036031663417816,-0.005386184551753104,0.035228092689067125,,
416768,"{""0"": 169, ""1"": 207, ""2"": 353, ""3"": 295}",1.346172,2,0.344727,0.0017685274360701442,0.146240234375,0.0584256,-0.943342674523592,0.9066070914268494,0.000146064,-0.00535973533987999,-0.0034420601441524923,0.03530968795530498,,
417792,"{""0"": 151, ""1"": 217, ""2"": 259, ""3"": 397}",1.326112,3,0.387695,0.0013286168687045574,0.10400390625,0.0583232,-0.9060190133750439,0.9221339225769043,0.00014580799999999998,-0.006537442095577717,-0.00529104215092957,0.03806875192094594,,
418816,"{""0"": 159, ""1"": 186, ""2"": 332, ""3"": 347}",1.33092,3,0.338867,0.0015795729123055935,0.135009765625,0.05822080000000001,-0.9160952307283878,0.8281641006469727,0.00014555200000000002,0.00016197189688682556,-0.0026758330641314387,0.0462981250602752,,
419840,"{""0"": 170, ""1"": 190, ""2"": 309, ""3"": 355}",1.339456,3,0.34668,0.001363649033010006,0.1396484375,0.058118399999999994,-0.8855358548462391,0.8815603256225586,0.00014529599999999997,0.006634607911109924,-0.0022845963831059635,0.04883360955864191,,
420864,"{""0"": 137, ""1"": 191, ""2"": 275, ""3"": 421}",1.300825,3,0.411133,0.0010992821771651506,0.091064453125,0.058016000000000005,-0.9325494393706322,0.899416446685791,0.00014504,0.0005920585244894028,-0.004985347448382527,0.04451829637400806,,
421888,"{""0"": 162, ""1"": 244, ""2"": 297, ""3"": 321}",1.35611,3,0.313477,0.0012994460994377732,0.11474609375,0.0579136,-0.8961475044488907,0.8120366334915161,0.000144784,0.001474900171160698,-0.0039541167207062244,0.05540803191252053,,
422912,"{""0"": 144, ""1"": 193, ""2"": 257, ""3"": 430}",1.301694,3,0.419922,0.0018203319050371647,0.132568359375,0.0578112,-0.9609882161021233,0.9311751127243042,0.000144528,-0.009327556937932968,-0.004256534855812788,0.025484012672677636,,
423936,"{""0"": 133, ""1"": 153, ""2"": 372, ""3"": 366}",1.284728,2,0.363281,0.0014671090757474303,0.1259765625,0.057708800000000005,-0.92021045088768,0.880172848701477,0.000144272,-0.003183133900165558,-0.0031832644599489868,0.03155197633896023,,
424960,"{""0"": 139, ""1"": 157, ""2"": 367, ""3"": 361}",1.293898,2,0.358398,0.0014645459596067667,0.11279296875,0.0576064,-0.8591001965105534,0.9214879870414734,0.000144016,-0.0026162564754486084,-0.0031731449416838586,0.031669051153585315,,
425984,"{""0"": 130, ""1"": 157, ""2"": 321, ""3"": 416}",1.27912,3,0.40625,0.001316034235060215,0.118408203125,0.057504,-0.8960057161748409,0.9025934338569641,0.00014376,-0.005940670147538185,-0.004294866870623082,0.04121049109380692,,
427008,"{""0"": 188, ""1"": 231, ""2"": 316, ""3"": 289}",1.366959,2,0.308594,0.0016416450962424278,0.12890625,0.05740160000000001,-0.8755629137158394,0.8906837105751038,0.00014350400000000003,-0.0011257398873567581,-0.004576869105221704,0.03582810645457357,,
428032,"{""0"": 193, ""1"": 237, ""2"": 279, ""3"": 315}",1.370146,3,0.307617,0.001549960346892476,0.110595703125,0.057299199999999995,-0.9540499076247215,0.8857545256614685,0.00014324799999999998,0.0067841662093997,-0.0025335330865345895,0.03675240883603692,,
429056,"{""0"": 160, ""1"": 195, ""2"": 281, ""3"": 388}",1.328434,3,0.378906,0.001607569633051753,0.126220703125,0.057196800000000006,-0.970611184835434,0.9227383732795715,0.00014299200000000002,-0.0031890245154500008,-0.004564738250337541,0.029871995327994227,,
430080,"{""0"": 134, ""1"": 174, ""2"": 332, ""3"": 384}",1.300283,3,0.375,0.0020671000238507986,0.140625,0.057094400000000003,-0.8994618430733681,0.850487470626831,0.000142736,-0.0012800619006156921,-0.00369545619469136,0.04626496834680438,,
431104,"{""0"": 153, ""1"": 188, ""2"": 338, ""3"": 345}",1.327643,3,0.336914,0.0023493862245231867,0.128662109375,0.056992,-0.9096342846751213,0.9089088439941406,0.00014248,-0.0036947540938854218,-0.004773740947712213,0.03675835975445807,,
432128,"{""0"": 157, ""1"": 211, ""2"": 331, ""3"": 325}",1.342295,2,0.323242,0.00155847636051476,0.142822265625,0.05688960000000001,-0.9119252115488052,0.7879453301429749,0.000142224,0.01905886083841324,-0.0031015882559586316,0.09039546828716993,,
433152,"{""0"": 159, ""1"": 188, ""2"": 350, ""3"": 327}",1.331862,2,0.341797,0.0014051573816686869,0.11083984375,0.056787199999999996,-0.9553679786622524,0.8864467144012451,0.000141968,-0.008077945560216904,-0.004206341109238565,0.03609904181212187,,
434176,"{""0"": 146, ""1"": 198, ""2"": 343, ""3"": 337}",1.327572,2,0.334961,0.001623380696401,0.175048828125,0.05668480000000001,-0.9628938660025597,0.830165684223175,0.000141712,0.0011172667145729065,-0.004687263630330563,0.051104227313771844,,
435200,"{""0"": 140, ""1"": 204, ""2"": 286, ""3"": 394}",1.317192,3,0.384766,0.0008227264625020325,0.104736328125,0.056582400000000005,-0.9345085211098194,0.9382612705230713,0.000141456,-0.0007477859035134315,-0.0022467653616331518,0.024991492507979274,,
436224,"{""0"": 159, ""1"": 189, ""2"": 291, ""3"": 385}",1.326412,3,0.375977,0.0015457517001777887,0.156494140625,0.05648,-0.9254384227097034,0.9009186625480652,0.0001412,-0.003677627071738243,-0.005145979957887903,0.0414209597511217,,
437248,"{""0"": 157, ""1"": 218, ""2"": 295, ""3"": 354}",1.342566,3,0.345703,0.0015312768518924713,0.124267578125,0.05637760000000001,-0.9159280247986317,0.8741298317909241,0.00014094400000000002,0.0009866198524832726,-0.002610519586596638,0.04399755736812949,,
438272,"{""0"": 156, ""1"": 201, ""2"": 352, ""3"": 315}",1.335964,2,0.34375,0.0017816887702792883,0.177001953125,0.0562752,-0.9048594012856483,0.8564506769180298,0.00014068799999999998,-0.002473769709467888,-0.004589107702486217,0.052243941463530064,,
439296,"{""0"": 231, ""1"": 246, ""2"": 218, ""3"": 329}",1.372651,3,0.321289,0.001513573806732893,0.15625,0.0561728,-0.9578977860510349,0.8943896889686584,0.000140432,-0.002836359664797783,-0.004460379888769239,0.03802404343150556,,
440320,"{""0"": 182, ""1"": 197, ""2"": 272, ""3"": 373}",1.344121,3,0.364258,0.0016580952797085047,0.17333984375,0.0560704,-1.0135223641991615,0.9228543639183044,0.000140176,-0.009857234545052052,-0.004678205645177513,0.027487454819492996,,
441344,"{""0"": 140, ""1"": 182, ""2"": 361, ""3"": 341}",1.312804,2,0.352539,0.0012655960163101554,0.119384765625,0.055968,-0.9388476833701134,0.9345837831497192,0.00013992,-0.00798257626593113,-0.0042431575420778245,0.023589852615259588,,
442368,"{""0"": 138, ""1"": 194, ""2"": 342, ""3"": 350}",1.318476,3,0.341797,0.0015228644479066133,0.117919921875,0.05586560000000001,-0.886559471487999,0.8843709826469421,0.000139664,-0.0008494947105646133,-0.0032429950078949332,0.043196114944294095,,
443392,"{""0"": 217, ""1"": 187, ""2"": 318, ""3"": 302}",1.362589,2,0.310547,0.0018941782182082534,0.133544921875,0.055763200000000006,-0.9030502699315548,0.905644953250885,0.00013940800000000002,-0.0006247721612453461,-0.0028423534240573645,0.038153139874339104,,
444416,"{""0"": 168, ""1"": 174, ""2"": 285, ""3"": 397}",1.321039,3,0.387695,0.0015441353898495436,0.123291015625,0.0556608,-0.9895655550062656,0.8644028306007385,0.000139152,-0.0019289739429950714,-0.00398083619074896,0.0541487077716738,,
445440,"{""0"": 192, ""1"": 156, ""2"": 278, ""3"": 398}",1.321801,3,0.388672,0.001340347807854414,0.1357421875,0.05555840000000001,-0.9403936304152012,0.8842085003852844,0.00013889600000000003,0.002041418105363846,-0.005099711532238871,0.04681406286545098,,
446464,"{""0"": 143, ""1"": 148, ""2"": 357, ""3"": 376}",1.289722,3,0.367188,0.0019304268062114716,0.14990234375,0.055456,-0.9496946856379509,0.8957056403160095,0.00013864,0.006034057587385178,-0.0029755901196040213,0.04093852802179754,,
447488,"{""0"": 211, ""1"": 182, ""2"": 304, ""3"": 327}",1.357581,3,0.319336,0.0020372355356812477,0.109130859375,0.0553536,-0.8543557710945606,0.8339456915855408,0.00013838400000000002,0.0082034170627594,-0.0036761091032531112,0.055417951894924045,,
448512,"{""0"": 187, ""1"": 174, ""2"": 298, ""3"": 365}",1.338611,3,0.356445,0.0014387463452294469,0.09765625,0.0552512,-0.971753153949976,0.8776527047157288,0.000138128,-0.0021789800375699997,-0.004467193444725126,0.051745382603257895,,
449536,"{""0"": 203, ""1"": 182, ""2"": 334, ""3"": 305}",1.354005,2,0.326172,0.0013678096001967788,0.134033203125,0.0551488,-0.9404731243848801,0.902046799659729,0.000137872,-0.005647743120789528,-0.005107846605824307,0.03810815466567874,,
450560,"{""0"": 209, ""1"": 216, ""2"": 300, ""3"": 299}",1.37173,2,0.292969,0.002153177745640278,0.16552734375,0.05504640000000001,-0.9989074245095253,0.8827280402183533,0.00013761600000000002,0.005806371569633484,-0.0046903896145522594,0.04827996017411351,,
451584,"{""0"": 154, ""1"": 157, ""2"": 342, ""3"": 371}",1.306533,3,0.362305,0.001455237390473485,0.107666015625,0.05494399999999999,-1.0252417474985123,0.9235789775848389,0.00013735999999999997,-0.007638107985258102,-0.004114287497941405,0.029691388132050633,,
452608,"{""0"": 233, ""1"": 197, ""2"": 303, ""3"": 291}",1.371822,2,0.295898,0.0010068535339087248,0.1494140625,0.054841600000000004,-0.9516846984624863,0.8509151935577393,0.000137104,-0.00020556151866912842,-0.0017702230834402144,0.045386781566776335,,
453632,"{""0"": 205, ""1"": 212, ""2"": 280, ""3"": 327}",1.367144,3,0.319336,0.0014523185091093183,0.15625,0.0547392,-1.0282239578664303,0.912372350692749,0.000136848,-0.0004197675734758377,-0.002066975983325392,0.03738295682705939,,
454656,"{""0"": 209, ""1"": 168, ""2"": 360, ""3"": 287}",1.344907,2,0.351562,0.001125927665270865,0.146484375,0.0546368,-0.9950782135128975,0.8796755075454712,0.000136592,-0.00043379515409469604,-0.0037950580881442875,0.038645259104669094,,
455680,"{""0"": 211, ""1"": 207, ""2"": 247, ""3"": 359}",1.359161,3,0.350586,0.001346159027889371,0.11376953125,0.05453440000000001,-0.9897124245762825,0.8925511240959167,0.000136336,-0.00394543819129467,-0.004899075720459223,0.04064807132817805,,
456704,"{""0"": 171, ""1"": 196, ""2"": 318, ""3"": 339}",1.344478,3,0.331055,0.0008866374264471233,0.136962890625,0.05443200000000001,-1.0305927246809006,0.883151113986969,0.00013608,-0.007713480852544308,-0.0048631527461111546,0.03801204636693001,,
457728,"{""0"": 197, ""1"": 216, ""2"": 242, ""3"": 369}",1.354071,3,0.360352,0.0012537569273263216,0.1298828125,0.054329600000000006,-0.9798828810453415,0.9134544134140015,0.000135824,-0.0030625630170106888,-0.005527955538127571,0.03998694592155516,,
458752,"{""0"": 199, ""1"": 183, ""2"": 349, ""3"": 293}",1.350989,2,0.34082,0.0012257678899914026,0.10986328125,0.0542272,-0.9916335754096508,0.9027348160743713,0.000135568,-0.005665363743901253,-0.0032978638191707432,0.034005725756287575,,
459776,"{""0"": 191, ""1"": 238, ""2"": 280, ""3"": 315}",1.369571,3,0.307617,0.0013387375511229038,0.11865234375,0.0541248,-0.99494768679142,0.854351818561554,0.00013531199999999998,0.00942297000437975,-0.0030280814098659903,0.07408868311904371,,
460800,"{""0"": 195, ""1"": 199, ""2"": 303, ""3"": 327}",1.35903,3,0.319336,0.0009883770253509283,0.1298828125,0.054022400000000005,-0.9715919606387615,0.9284049272537231,0.00013505600000000002,0.0010026190429925919,-0.0036971321678720415,0.03396254254039377,,
461824,"{""0"": 182, ""1"": 150, ""2"": 340, ""3"": 352}",1.321546,3,0.34375,0.000994518049992621,0.094482421875,0.05392,-0.9865404330193996,0.9080758094787598,0.0001348,-0.007597854360938072,-0.0034681363904383034,0.031627234537154436,,
462848,"{""0"": 188, ""1"": 212, ""2"": 294, ""3"": 330}",1.360456,3,0.322266,0.001529596745967865,0.162353515625,0.0538176,-0.9202115349471569,0.8401594758033752,0.000134544,0.011743562296032906,-0.0023976421798579395,0.06686654058285058,,
463872,"{""0"": 246, ""1"": 241, ""2"": 213, ""3"": 324}",1.373792,3,0.316406,0.001405420945957303,0.133544921875,0.05371520000000001,-1.010434102267027,0.9043909311294556,0.000134288,-0.004228528589010239,-0.004570784512907267,0.042291718535125256,,
464896,"{""0"": 196, ""1"": 227, ""2"": 289, ""3"": 312}",1.369569,3,0.304688,0.0013533083256334066,0.148681640625,0.053612799999999995,-1.0530811548233032,0.93886798620224,0.000134032,-0.013643236830830574,-0.004154482332523912,0.021805754047818482,,
465920,"{""0"": 191, ""1"": 199, ""2"": 281, ""3"": 353}",1.353549,3,0.344727,0.0010167972650378942,0.118896484375,0.05351040000000001,-1.0099662952125072,0.9307872653007507,0.000133776,-0.007763824425637722,-0.0043558949255384505,0.028356181923300028,,
466944,"{""0"": 187, ""1"": 188, ""2"": 319, ""3"": 330}",1.349963,3,0.322266,0.0011904861312359571,0.115478515625,0.053408000000000004,-1.0112473964691162,0.8985364437103271,0.00013352,0.0005443822592496872,-0.001870101725216955,0.037678591441363096,,
467968,"{""0"": 181, ""1"": 241, ""2"": 224, ""3"": 378}",1.347133,3,0.369141,0.0009195974562317133,0.094482421875,0.0533056,-0.9980082735419273,0.9142952561378479,0.000133264,-0.002016127109527588,-0.003743739565834403,0.04208720743190497,,
468992,"{""0"": 186, ""1"": 160, ""2"": 299, ""3"": 379}",1.327199,3,0.370117,0.001074780011549592,0.087890625,0.053203200000000006,-1.04056728631258,0.9543023705482483,0.00013300800000000002,-0.013694468885660172,-0.004265543277142569,0.01527576707303524,,
470016,"{""0"": 194, ""1"": 176, ""2"": 355, ""3"": 299}",1.344554,2,0.34668,0.0019277697429060936,0.137939453125,0.0531008,-0.9560067467391491,0.8408374786376953,0.00013275199999999998,-0.0015721693634986877,-0.005477611179230735,0.04481168615166098,,
471040,"{""0"": 215, ""1"": 157, ""2"": 317, ""3"": 335}",1.343754,3,0.327148,0.0009333817288279533,0.128173828125,0.0529984,-0.9827088974416256,0.9230809211730957,0.000132496,-0.0008219946175813675,-0.002826854877639562,0.03549599018879235,,
472064,"{""0"": 204, ""1"": 134, ""2"": 345, ""3"": 341}",1.32024,2,0.336914,0.001154863042756915,0.096923828125,0.052896,-1.0132127180695534,0.9142723083496094,0.00013224,-0.005331728607416153,-0.005036944057792425,0.03330244682729244,,
473088,"{""0"": 241, ""1"": 209, ""2"": 283, ""3"": 291}",1.377778,3,0.28418,0.0011376230977475643,0.112548828125,0.052793599999999996,-0.9814410582184792,0.8660928010940552,0.000131984,-0.00029503926634788513,-0.003731302422238514,0.042272264836356044,,
474112,"{""0"": 182, ""1"": 174, ""2"": 352, ""3"": 316}",1.338095,2,0.34375,0.0011070684995502234,0.104736328125,0.05269120000000001,-1.0438809841871262,0.9145512580871582,0.000131728,-0.010417203418910503,-0.0040200464718509465,0.030727924313396215,,
475136,"{""0"": 216, ""1"": 195, ""2"": 302, ""3"": 311}",1.366121,3,0.303711,0.0015680836513638496,0.17822265625,0.052588800000000005,-0.990176435559988,0.8852070569992065,0.00013147200000000002,-0.001963382586836815,-0.0022676577791571617,0.04042191500775516,,
476160,"{""0"": 159, ""1"": 181, ""2"": 312, ""3"": 372}",1.325486,3,0.363281,0.0015210057608783245,0.12841796875,0.0524864,-1.0070925913751125,0.9042401909828186,0.000131216,0.005764486268162727,-0.003960317524615675,0.04664606251753867,,
477184,"{""0"": 207, ""1"": 213, ""2"": 324, ""3"": 280}",1.368454,2,0.316406,0.0013220009859651327,0.1484375,0.052384,-0.9520485699176788,0.8982415199279785,0.00013096,-0.003823799081146717,-0.0032966357248369604,0.033261373871937394,,
478208,"{""0"": 201, ""1"": 200, ""2"": 275, ""3"": 348}",1.358419,3,0.339844,0.0022892048582434654,0.153564453125,0.0522816,-1.0445790365338326,0.9004590511322021,0.000130704,-0.005731817334890366,-0.004132775298785418,0.043818095000460744,,
479232,"{""0"": 176, ""1"": 228, ""2"": 288, ""3"": 332}",1.359076,3,0.324219,0.0013957294868305326,0.170654296875,0.05217920000000001,-1.0405618101358414,0.8298718333244324,0.00013044800000000002,0.004176901653409004,-0.0008675063436385244,0.060232916846871376,,
480256,"{""0"": 205, ""1"": 169, ""2"": 327, ""3"": 323}",1.347811,2,0.319336,0.001053582993336022,0.113525390625,0.052076800000000006,-1.0145190097391605,0.856600284576416,0.000130192,0.007830094546079636,-0.003761295636650175,0.061749628745019436,,
481280,"{""0"": 169, ""1"": 188, ""2"": 277, ""3"": 390}",1.329857,3,0.380859,0.0015481228474527597,0.13330078125,0.051974400000000004,-0.9845836758613586,0.8988751769065857,0.000129936,-0.00222904235124588,-0.004745980084408075,0.03568581386934966,,
482304,"{""0"": 183, ""1"": 204, ""2"": 314, ""3"": 323}",1.35557,3,0.31543,0.0010064434027299285,0.130615234375,0.05187200000000001,-1.0215067006647587,0.896896243095398,0.00012968000000000002,-0.0027237217873334885,-0.004562583228107542,0.03140662668738514,,
483328,"{""0"": 153, ""1"": 144, ""2"": 389, ""3"": 338}",1.293452,2,0.379883,0.0013573335018008947,0.11767578125,0.0517696,-1.0150604099035263,0.8427375555038452,0.000129424,-0.000398365780711174,-0.00346884730970487,0.0579240454826504,,
484352,"{""0"": 163, ""1"": 211, ""2"": 336, ""3"": 314}",1.346138,2,0.328125,0.0016758802812546492,0.1396484375,0.0516672,-0.9019322358071804,0.8818934559822083,0.000129168,0.00016351044178009033,-0.004593296151142567,0.044070725329220295,,
485376,"{""0"": 132, ""1"": 202, ""2"": 288, ""3"": 402}",1.308126,3,0.392578,0.001041350420564413,0.105712890625,0.0515648,-1.03929053992033,0.8949723243713379,0.000128912,0.0011004675179719925,-0.0049872773815877736,0.04977836040779948,,
486400,"{""0"": 162, ""1"": 152, ""2"": 382, ""3"": 328}",1.307371,2,0.373047,0.0017239442095160484,0.140380859375,0.0514624,-0.9834430068731308,0.8135379552841187,0.000128656,0.0016216859221458435,-0.0038926899433135986,0.06272400147281587,,
487424,"{""0"": 195, ""1"": 215, ""2"": 323, ""3"": 291}",1.365026,2,0.31543,0.0012890256475657225,0.1328125,0.05136000000000001,-0.9416594132781029,0.8650076389312744,0.0001284,0.005584096536040306,-0.003931882471079007,0.05551337799988687,,
488448,"{""0"": 170, ""1"": 163, ""2"": 362, ""3"": 329}",1.323029,2,0.353516,0.0023480886593461037,0.17919921875,0.05125759999999999,-1.0065290294587612,0.880709171295166,0.00012814399999999998,0.00039170123636722565,-0.003915446519386023,0.03778401541057974,,
489472,"{""0"": 189, ""1"": 212, ""2"": 295, ""3"": 328}",1.361108,3,0.320312,0.0015561048639938235,0.167236328125,0.051155200000000005,-0.9566875658929348,0.7901895046234131,0.000127888,0.008909078314900398,-0.004077731631696224,0.07699070312082767,,
490496,"{""0"": 170, ""1"": 181, ""2"": 318, ""3"": 355}",1.334843,3,0.34668,0.0008858570363372564,0.090087890625,0.0510528,-1.0169635489583015,0.8890536427497864,0.000127632,0.0037528127431869507,-0.005246579967206344,0.04711513058282435,,
491520,"{""0"": 206, ""1"": 199, ""2"": 299, ""3"": 320}",1.363888,3,0.3125,0.0012145681539550424,0.13671875,0.0509504,-0.995788224041462,0.7731339931488037,0.00012737599999999998,0.007392873987555504,-0.003395893843844533,0.07134515326470137,,
492544,"{""0"": 174, ""1"": 202, ""2"": 337, ""3"": 311}",1.34906,2,0.329102,0.0013715807581320405,0.16357421875,0.050848000000000004,-1.0415410473942757,0.88477623462677,0.00012712000000000002,0.0001423470675945282,-0.003986204363172874,0.04069470672402531,,
493568,"{""0"": 173, ""1"": 188, ""2"": 298, ""3"": 365}",1.338535,3,0.356445,0.0009223329834640026,0.10595703125,0.0507456,-1.0127358846366405,0.9157902002334595,0.000126864,0.0015420671552419662,-0.004184572069789283,0.04172133083920926,,
494592,"{""0"": 139, ""1"": 164, ""2"": 342, ""3"": 379}",1.29856,3,0.370117,0.0015983901685103774,0.140625,0.0506432,-1.0090354047715664,0.8426594138145447,0.000126608,0.010470381006598473,-0.00422945519676432,0.06366743496619165,,
495616,"{""0"": 163, ""1"": 180, ""2"": 368, ""3"": 313}",1.328201,2,0.359375,0.001523748622275889,0.14453125,0.05054080000000001,-0.941873662173748,0.8032898306846619,0.000126352,0.009182106703519821,-0.004640172992367297,0.06472951592877507,,
496640,"{""0"": 195, ""1"": 185, ""2"": 287, ""3"": 357}",1.348831,3,0.348633,0.0022886497899889946,0.14697265625,0.050438399999999994,-0.9873173236846924,0.9363255500793457,0.000126096,-0.0019112788140773773,-0.0028263541753403842,0.03147076955065131,,
497664,"{""0"": 180, ""1"": 212, ""2"": 334, ""3"": 298}",1.356293,2,0.326172,0.001466282643377781,0.1923828125,0.050336000000000006,-1.0234278216958046,0.9118911027908325,0.00012584,-0.005340542644262314,-0.004065197717864066,0.038082168670371175,,
498688,"{""0"": 183, ""1"": 215, ""2"": 319, ""3"": 307}",1.359928,2,0.311523,0.0014549766201525927,0.12841796875,0.0502336,-0.986458994448185,0.9367006421089172,0.000125584,-0.008593251928687096,-0.004091158742085099,0.029264239477925003,,
499712,"{""0"": 187, ""1"": 217, ""2"": 279, ""3"": 341}",1.359758,3,0.333008,0.0013347880449146032,0.1376953125,0.0501312,-1.0065231919288635,0.8820737600326538,0.000125328,0.004715513437986374,-0.004086169792572036,0.05111814639531076,,
500736,"{""0"": 183, ""1"": 178, ""2"": 343, ""3"": 320}",1.341728,2,0.334961,0.0010297673288732767,0.110107421875,0.05002880000000001,-0.9856213182210922,0.9255895614624023,0.00012507200000000002,-0.003520464524626732,-0.004388381203170866,0.02766407246235758,,
501760,"{""0"": 193, ""1"": 174, ""2"": 315, ""3"": 342}",1.344616,3,0.333984,0.0010609845630824566,0.107421875,0.04992640000000001,-0.9583091624081135,0.8679182529449463,0.000124816,0.0021122079342603683,-0.004658969410229474,0.05457984027452767,,
502784,"{""0"": 188, ""1"": 195, ""2"": 281, ""3"": 360}",1.349381,3,0.351562,0.0014354385202750564,0.1435546875,0.04982400000000001,-0.9625265374779701,0.8944721817970276,0.00012456000000000001,0.0019383244216442108,-0.003852658614050597,0.04674715385772288,,
503808,"{""0"": 161, ""1"": 161, ""2"": 345, ""3"": 357}",1.315664,3,0.348633,0.001181870698928833,0.14794921875,0.049721600000000005,-0.9838194586336613,0.8873530030250549,0.000124304,0.0038984473794698715,-0.004269140365067869,0.040700256009586155,,
504832,"{""0"": 160, ""1"": 198, ""2"": 331, ""3"": 335}",1.338367,3,0.327148,0.0009131060796789825,0.122314453125,0.0496192,-0.9384814240038395,0.8277352452278137,0.000124048,0.007756348699331284,-0.0033183626946993172,0.05771606392227113,,
505856,"{""0"": 158, ""1"": 190, ""2"": 351, ""3"": 325}",1.332152,2,0.342773,0.0012776340590789914,0.126220703125,0.04951680000000001,-0.9624732881784439,0.8203074932098389,0.000123792,0.007937753573060036,-0.0035144073190167546,0.05957534280605614,,
506880,"{""0"": 187, ""1"": 177, ""2"": 322, ""3"": 338}",1.34359,3,0.330078,0.0018957778811454773,0.1552734375,0.049414400000000004,-0.9542811587452888,0.8146569728851318,0.00012353600000000002,0.004214230924844742,-0.0041408229153603315,0.06558387610130012,,
507904,"{""0"": 160, ""1"": 220, ""2"": 328, ""3"": 316}",1.347928,2,0.320312,0.0010631326586008072,0.162841796875,0.049312,-0.9728243052959442,0.858063280582428,0.00012328,0.009341837838292122,-0.002121710800565779,0.06118629849515855,,
508928,"{""0"": 210, ""1"": 217, ""2"": 269, ""3"": 328}",1.369542,3,0.320312,0.0016198346856981516,0.16015625,0.0492096,-0.9662350043654442,0.9114403128623962,0.000123024,0.0018217302858829498,-0.00425951523357071,0.03749063762370497,,
509952,"{""0"": 206, ""1"": 186, ""2"": 322, ""3"": 310}",1.357962,2,0.314453,0.0012882922310382128,0.16943359375,0.0491072,-1.0200230032205582,0.8565384149551392,0.000122768,-0.002075307071208954,-0.005520795763004571,0.05705333687365055,,
510976,"{""0"": 179, ""1"": 178, ""2"": 346, ""3"": 321}",1.339284,2,0.337891,0.001696327468380332,0.165771484375,0.04900480000000001,-0.968358963727951,0.8959289789199829,0.00012251200000000002,-0.0041563911363482475,-0.005329322651959956,0.03922379913274199,,
512000,"{""0"": 166, ""1"": 173, ""2"": 343, ""3"": 342}",1.327999,2,0.334961,0.0015929006040096283,0.154052734375,0.048902400000000006,-0.9144355095922947,0.9181178212165833,0.000122256,-0.00628032349050045,-0.003991323348600417,0.03451482695527375,,
513024,"{""0"": 174, ""1"": 159, ""2"": 363, ""3"": 328}",1.322675,2,0.354492,0.0012713150354102254,0.109130859375,0.0488,-0.9568455368280411,0.8024004697799683,0.000122,0.011316856369376183,-0.003425339295063168,0.05642997333779931,,
514048,"{""0"": 203, ""1"": 199, ""2"": 269, ""3"": 353}",1.357459,3,0.344727,0.0016915530432015657,0.14111328125,0.0486976,-0.9017158634960651,0.8622729778289795,0.00012174399999999999,0.010471371002495289,-0.00318734475877136,0.06256959051825106,,
515072,"{""0"": 169, ""1"": 160, ""2"": 372, ""3"": 323}",1.319176,2,0.363281,0.0020165089517831802,0.184814453125,0.048595200000000005,-0.9601474031805992,0.7817577123641968,0.00012148800000000001,0.003329068422317505,-0.003077288973145187,0.05649234796874225,,
516096,"{""0"": 203, ""1"": 195, ""2"": 289, ""3"": 337}",1.35942,3,0.329102,0.0009290712769143283,0.13232421875,0.0484928,-0.9141855016350746,0.8821303844451904,0.00012123200000000001,0.005225809291005135,-0.0032153727661352605,0.05797679303213954,,
517120,"{""0"": 149, ""1"": 154, ""2"": 366, ""3"": 355}",1.300374,2,0.357422,0.0009160261251963675,0.136474609375,0.0483904,-0.9884718134999275,0.8778855204582214,0.000120976,0.005432369187474251,-0.0035072177124675363,0.04895613482221961,,
518144,"{""0"": 179, ""1"": 224, ""2"": 330, ""3"": 291}",1.359803,2,0.322266,0.0015589455142617226,0.126220703125,0.048288,-0.9040813259780407,0.8308600783348083,0.00012072,0.012636673636734486,-0.003089437843300402,0.05903153168037534,,
519168,"{""0"": 166, ""1"": 162, ""2"": 388, ""3"": 308}",1.315728,2,0.378906,0.0009417248074896634,0.142822265625,0.048185599999999995,-0.9818746484816074,0.8604137301445007,0.00012046399999999999,0.01795908808708191,-0.003850202716421336,0.06369175482541323,,
520192,"{""0"": 140, ""1"": 168, ""2"": 356, ""3"": 360}",1.303416,3,0.351562,0.002123330719769001,0.1748046875,0.048083200000000006,-0.8747964687645435,0.8614352941513062,0.00012020800000000001,0.00577424094080925,-0.002035903336945921,0.061506863217800856,,
521216,"{""0"": 207, ""1"": 182, ""2"": 328, ""3"": 307}",1.35603,2,0.320312,0.001288898871280253,0.12744140625,0.047980800000000004,-0.881497710943222,0.887729823589325,0.000119952,0.0023628752678632736,-0.002229514968348667,0.051029760390520096,,
522240,"{""0"": 170, ""1"": 144, ""2"": 405, ""3"": 305}",1.301581,2,0.395508,0.001245833933353424,0.1474609375,0.0478784,-0.9444311484694481,0.8629571199417114,0.000119696,0.005904948338866234,-0.0023075147764757276,0.03931515722069889,,
523264,"{""0"": 176, ""1"": 193, ""2"": 339, ""3"": 316}",1.34599,2,0.331055,0.0007897397154010832,0.112060546875,0.047776,-0.8483726531267166,0.9028595685958862,0.00011944,-0.003972182050347328,-0.003622600808739662,0.03945438889786601,,
524288,"{""0"": 147, ""1"": 156, ""2"": 342, ""3"": 379}",1.299438,3,0.370117,0.0011813886230811477,0.1865234375,0.04767360000000001,-0.9532145597040653,0.862712025642395,0.00011918400000000002,0.010709933936595917,-0.004101881640963256,0.05470938980579376,,
525312,"{""0"": 186, ""1"": 167, ""2"": 327, ""3"": 344}",1.336558,3,0.335938,0.0007088971324265003,0.11279296875,0.04757120000000001,-0.8981404304504395,0.83293616771698,0.00011892800000000001,0.0034967465326189995,-0.002204665739554912,0.050231380853801966,,
526336,"{""0"": 212, ""1"": 173, ""2"": 319, ""3"": 320}",1.353274,3,0.3125,0.0007897798786871135,0.09912109375,0.047468800000000005,-0.8999413475394249,0.8731197118759155,0.000118672,0.013071677647531033,-0.0028614572947844863,0.05197290796786547,,
527360,"{""0"": 175, ""1"": 188, ""2"": 299, ""3"": 362}",1.340167,3,0.353516,0.0010843808995559812,0.166015625,0.0473664,-0.9577170610427856,0.841977059841156,0.000118416,0.004124201834201813,-0.0040863543399609625,0.062032268615439534,,
528384,"{""0"": 185, ""1"": 180, ""2"": 360, ""3"": 299}",1.341698,2,0.351562,0.0008234205306507647,0.1318359375,0.047264,-0.9738099873065948,0.8703468441963196,0.00011816,-0.0003243144601583481,-0.003822068276349455,0.04830487724393606,,
529408,"{""0"": 176, ""1"": 181, ""2"": 318, ""3"": 349}",1.339005,3,0.34082,0.0013284102315083146,0.163330078125,0.047161600000000005,-0.9289899170398712,0.8467432260513306,0.00011790400000000001,0.012012762017548084,-0.003051813051570207,0.06615483365021646,,
530432,"{""0"": 170, ""1"": 184, ""2"": 353, ""3"": 317}",1.336678,2,0.344727,0.0012488436186686158,0.139892578125,0.0470592,-0.9599637910723686,0.9021092057228088,0.00011764800000000001,0.0062174140475690365,-0.002264009468490258,0.032107383478432894,,
531456,"{""0"": 183, ""1"": 221, ""2"": 297, ""3"": 323}",1.361599,3,0.31543,0.0011562500149011612,0.16162109375,0.0469568,-0.9201357290148735,0.9256061911582947,0.000117392,-0.004266427364200354,-0.0021582873887382448,0.029005769116338342,,
532480,"{""0"": 181, ""1"": 147, ""2"": 354, ""3"": 342}",1.318427,2,0.345703,0.0009356194059364498,0.109130859375,0.0468544,-0.93908616527915,0.9384348392486572,0.000117136,-0.008004936389625072,-0.002660090656718239,0.02244067029096186,,
533504,"{""0"": 179, ""1"": 176, ""2"": 313, ""3"": 356}",1.337151,3,0.347656,0.0011693175183609128,0.145751953125,0.04675200000000001,-0.8973620422184467,0.8880066871643066,0.00011688000000000002,-0.0019888905808329582,-0.003599134797696024,0.045229948475025594,,
534528,"{""0"": 181, ""1"": 190, ""2"": 308, ""3"": 345}",1.346749,3,0.336914,0.0012872847728431225,0.137451171875,0.046649600000000006,-0.9542430974543095,0.8674731254577637,0.00011662400000000001,0.008074425160884857,-0.0033688793191686273,0.052119344705715775,,
535552,"{""0"": 166, ""1"": 205, ""2"": 340, ""3"": 313}",1.345329,2,0.332031,0.0010977524798363447,0.13671875,0.046547200000000004,-0.939741026610136,0.9236687421798706,0.00011636800000000001,-0.004576721228659153,-0.004272539634257555,0.034375443938188255,,
536576,"{""0"": 149, ""1"": 186, ""2"": 294, ""3"": 395}",1.316033,3,0.385742,0.0018685837276279926,0.20556640625,0.0464448,-0.9602934494614601,0.8158268928527832,0.00011611199999999999,0.01790103316307068,-0.002714809001190588,0.08028746582567692,,
537600,"{""0"": 127, ""1"": 146, ""2"": 388, ""3"": 363}",1.271944,2,0.378906,0.0006656977930106223,0.145751953125,0.0463424,-0.9156934209167957,0.905195951461792,0.00011585599999999998,-0.0060454970225691795,-0.004209845617879182,0.027397456113249063,,
538624,"{""0"": 131, ""1"": 157, ""2"": 355, ""3"": 381}",1.285681,3,0.37207,0.0009963666088879108,0.15478515625,0.04624,-0.8349044919013977,0.8050903081893921,0.0001156,0.012486078776419163,-0.002674633200513199,0.0625773654319346,,
539648,"{""0"": 188, ""1"": 178, ""2"": 308, ""3"": 350}",1.343624,3,0.341797,0.001068032463081181,0.1142578125,0.0461376,-0.8813108466565609,0.8637534976005554,0.000115344,0.006378278136253357,-0.004108208522666246,0.05219617718830705,,
540672,"{""0"": 227, ""1"": 177, ""2"": 309, ""3"": 311}",1.360847,3,0.303711,0.001217924407683313,0.130126953125,0.0460352,-0.9653097279369831,0.8821284770965576,0.00011508799999999999,0.004426382482051849,-0.0027472400688566267,0.05085341935046017,,
541696,"{""0"": 203, ""1"": 204, ""2"": 283, ""3"": 334}",1.363054,3,0.326172,0.0009016752010211349,0.114013671875,0.045932799999999996,-0.9904748201370239,0.9693777561187744,0.00011483199999999999,-0.011695099994540215,-0.0038452219450846314,0.014151944080367684,,
542720,"{""0"": 163, ""1"": 181, ""2"": 309, ""3"": 371}",1.328227,3,0.362305,0.0008314952719956636,0.1123046875,0.04583040000000001,-1.002577044069767,0.9335078597068787,0.00011457600000000001,-0.005064855329692364,-0.0034025212517008185,0.02222784620244056,,
543744,"{""0"": 172, ""1"": 165, ""2"": 357, ""3"": 330}",1.326098,2,0.348633,0.0011903999838978052,0.125732421875,0.045728000000000005,-0.9210228845477104,0.8569336533546448,0.00011432,0.003017100505530834,-0.0035287974460516125,0.05522667057812214,,
544768,"{""0"": 162, ""1"": 193, ""2"": 311, ""3"": 358}",1.335577,3,0.349609,0.0009446089388802648,0.133056640625,0.0456256,-0.9416779205203056,0.870310366153717,0.000114064,0.0006579356268048286,-0.0015232246369123459,0.04502361477352679,,
545792,"{""0"": 200, ""1"": 183, ""2"": 316, ""3"": 325}",1.353779,3,0.317383,0.0010952699230983853,0.14599609375,0.0455232,-0.9515872858464718,0.9121588468551636,0.00011380799999999999,-0.0013332013040781021,-0.0022269112523645163,0.03170087456237525,,
546816,"{""0"": 134, ""1"": 182, ""2"": 340, ""3"": 368}",1.307003,3,0.359375,0.0009871552465483546,0.138427734375,0.0454208,-0.9805665835738182,0.8761934041976929,0.00011355199999999999,0.01109832152724266,-0.0026992129860445857,0.047270980197936296,,
547840,"{""0"": 178, ""1"": 223, ""2"": 322, ""3"": 301}",1.35979,2,0.314453,0.0006844675517641008,0.119384765625,0.04531840000000001,-0.902351513504982,0.916344404220581,0.00011329600000000001,-0.00015457533299922943,-0.002158704010071233,0.030008020694367588,,
548864,"{""0"": 199, ""1"": 260, ""2"": 283, ""3"": 282}",1.376956,2,0.276367,0.001068100449629128,0.1416015625,0.045216000000000006,-0.9629858508706093,0.8447747826576233,0.00011304,0.010984765365719795,-0.003918725764378905,0.05826483969576657,,
549888,"{""0"": 163, ""1"": 203, ""2"": 294, ""3"": 364}",1.339286,3,0.355469,0.00196806900203228,0.17724609375,0.045113600000000004,-1.0130364559590816,0.9418056607246399,0.000112784,-0.007224950939416885,-0.004500997602008283,0.023558040848001838,,
550912,"{""0"": 214, ""1"": 210, ""2"": 314, ""3"": 286}",1.370794,2,0.306641,0.0011001990642398596,0.15673828125,0.0450112,-0.9256049916148186,0.905105710029602,0.00011252799999999999,0.0007962333038449287,-0.0026766525115817785,0.03005629125982523,,
551936,"{""0"": 186, ""1"": 211, ""2"": 291, ""3"": 336}",1.358506,3,0.328125,0.0014146328903734684,0.172607421875,0.044908800000000006,-0.9922921098768711,0.8941433429718018,0.00011227200000000001,0.0007437374442815781,-0.004030880983918905,0.04469927656464279,,
552960,"{""0"": 165, ""1"": 249, ""2"": 330, ""3"": 280}",1.357479,2,0.322266,0.0006701390375383198,0.098388671875,0.0448064,-0.9404209554195404,0.8565574288368225,0.000112016,0.0008875727653503418,-0.0025633323239162564,0.04977523616980761,,
553984,"{""0"": 155, ""1"": 171, ""2"": 357, ""3"": 341}",1.318211,2,0.348633,0.001547031570225954,0.214599609375,0.044704,-0.9328305460512638,0.9104054570198059,0.00011176,0.0037164511159062386,-0.0006168273102957755,0.032322228071279824,,
555008,"{""0"": 226, ""1"": 210, ""2"": 250, ""3"": 338}",1.368495,3,0.330078,0.001057236222550273,0.164794921875,0.0446016,-0.849082600325346,0.8780378103256226,0.000111504,0.004775431007146835,-0.002884151821490377,0.04236102686263621,,
556032,"{""0"": 159, ""1"": 179, ""2"": 330, ""3"": 356}",1.326322,3,0.347656,0.0010179586242884398,0.13330078125,0.04449920000000001,-0.9865375906229019,0.8031911849975586,0.00011124800000000002,0.021984370425343513,-0.004422231548232958,0.08152640075422823,,
557056,"{""0"": 175, ""1"": 207, ""2"": 311, ""3"": 331}",1.35209,3,0.323242,0.0010173190385103226,0.11572265625,0.04439680000000001,-0.9253222234547138,0.8813963532447815,0.00011099200000000001,-0.004592671990394592,-0.0027017734246328473,0.03644312231335789,,
558080,"{""0"": 183, ""1"": 178, ""2"": 290, ""3"": 373}",1.337031,3,0.364258,0.0009002902661450207,0.208740234375,0.044294400000000005,-0.9499350115656853,0.8449624180793762,0.000110736,0.015125894919037819,-0.0018364700954407454,0.06642762408591807,,
559104,"{""0"": 219, ""1"": 206, ""2"": 269, ""3"": 330}",1.368555,3,0.322266,0.0009514719131402671,0.153564453125,0.044192,-0.908434085547924,0.8910093903541565,0.00011048,0.000980115495622158,-0.004328225913923234,0.03913870197720826,,
560128,"{""0"": 188, ""1"": 223, ""2"": 291, ""3"": 322}",1.364486,3,0.314453,0.0008702767663635314,0.112548828125,0.0440896,-1.0014737881720066,0.9092291593551636,0.000110224,0.0019888700917363167,-0.0037599949864670634,0.04117583890911192,,
561152,"{""0"": 199, ""1"": 182, ""2"": 340, ""3"": 303}",1.351785,2,0.332031,0.0005602159071713686,0.10546875,0.043987200000000004,-0.9823984391987324,0.9212866425514221,0.00010996800000000002,-0.008470458909869194,-0.0024961030285339803,0.02508840849623084,,
562176,"{""0"": 210, ""1"": 219, ""2"": 255, ""3"": 340}",1.367055,3,0.332031,0.0005899927928112447,0.087646484375,0.0438848,-0.9338189177215099,0.919261634349823,0.00010971200000000001,0.001016358844935894,-0.001315146713750437,0.036444748751819134,,
563200,"{""0"": 191, ""1"": 179, ""2"": 329, ""3"": 325}",1.347124,2,0.321289,0.0012216229224577546,0.142578125,0.0437824,-0.9720460139214993,0.9361822605133057,0.000109456,-0.006342672742903233,-0.003129499964416027,0.021012326586060226,,
564224,"{""0"": 162, ""1"": 216, ""2"": 310, ""3"": 336}",1.347353,3,0.328125,0.000846585666295141,0.139892578125,0.04368,-0.8778886497020721,0.9512128829956055,0.0001092,-0.006677251309156418,-0.0030489960918202996,0.020590592408552766,,
565248,"{""0"": 201, ""1"": 254, ""2"": 246, ""3"": 323}",1.37196,3,0.31543,0.0009775958023965359,0.151123046875,0.04357760000000001,-0.9311967827379704,0.8420979976654053,0.00010894400000000002,0.00722406804561615,-0.0033304395619779825,0.05733556975610554,,
566272,"{""0"": 177, ""1"": 233, ""2"": 295, ""3"": 319}",1.362112,3,0.311523,0.0012767200823873281,0.160400390625,0.043475200000000006,-0.970324669033289,0.9218657612800598,0.00010868800000000001,-0.009161675348877907,-0.004476030881050974,0.027646233327686787,,
567296,"{""0"": 209, ""1"": 229, ""2"": 238, ""3"": 348}",1.365225,3,0.339844,0.0008064385619945824,0.130859375,0.0433728,-0.9764573685824871,0.9239883422851562,0.00010843200000000001,-0.005041429772973061,-0.0027180957258678973,0.027651824988424778,,
568320,"{""0"": 191, ""1"": 210, ""2"": 301, ""3"": 322}",1.361821,3,0.314453,0.001167083508335054,0.127197265625,0.0432704,-0.989473320543766,0.9641360640525818,0.000108176,-0.009524401277303696,-0.002413251670077443,0.015575355326291174,,
569344,"{""0"": 203, ""1"": 241, ""2"": 289, ""3"": 291}",1.375855,3,0.28418,0.0007742702728137374,0.115966796875,0.043168,-0.9519557617604733,0.9197959899902344,0.00010792,-0.002519744448363781,-0.0032310759997926652,0.036650786525569856,,
570368,"{""0"": 190, ""1"": 202, ""2"": 293, ""3"": 339}",1.356756,3,0.331055,0.0007747279014438391,0.1513671875,0.04306560000000001,-0.9826020672917366,0.8907958269119263,0.00010766400000000002,0.0023377519100904465,-0.002216732202214189,0.0427101383684203,,
571392,"{""0"": 185, ""1"": 175, ""2"": 325, ""3"": 339}",1.341276,3,0.331055,0.0008307512616738677,0.12353515625,0.04296320000000001,-0.9179756939411163,0.901179313659668,0.00010740800000000001,0.0034743063151836395,-0.004259712586645037,0.04308523528743535,,
572416,"{""0"": 202, ""1"": 234, ""2"": 271, ""3"": 317}",1.37233,3,0.30957,0.0009475894039496779,0.1484375,0.042860800000000004,-0.9599591866135597,0.897749125957489,0.000107152,-0.0068890685215592384,-0.003329792816657573,0.030283044325187802,,
573440,"{""0"": 181, ""1"": 217, ""2"": 302, ""3"": 324}",1.359328,3,0.316406,0.0009919502772390842,0.168701171875,0.0427584,-0.9862539246678352,0.9416484236717224,0.00010689599999999999,-0.005707515403628349,-0.0028013992123305798,0.022458955994807184,,
574464,"{""0"": 180, ""1"": 187, ""2"": 329, ""3"": 328}",1.345572,2,0.321289,0.0008014271152205765,0.10693359375,0.042656000000000006,-0.9431214556097984,0.9367465972900391,0.00010664000000000001,-0.007543966174125671,-0.0026433772000018507,0.026310895569622517,,
575488,"{""0"": 203, ""1"": 236, ""2"": 257, ""3"": 328}",1.370665,3,0.320312,0.0007567212451249361,0.14599609375,0.042553600000000004,-0.9378934130072594,0.9242485761642456,0.000106384,-0.002330259419977665,-0.0015901635051704943,0.03281442925799638,,
576512,"{""0"": 208, ""1"": 232, ""2"": 279, ""3"": 305}",1.375169,3,0.297852,0.000830886943731457,0.10205078125,0.0424512,-0.9828816018998623,0.9169852137565613,0.000106128,-0.007128819823265076,-0.0020103856222704053,0.02586087619420141,,
577536,"{""0"": 200, ""1"": 215, ""2"": 283, ""3"": 326}",1.366491,3,0.318359,0.0009176253224723041,0.137939453125,0.0423488,-0.9789419248700142,0.9552695751190186,0.00010587199999999999,-0.008950160816311836,-0.003150935110170394,0.019693797337822616,,
578560,"{""0"": 188, ""1"": 169, ""2"": 334, ""3"": 333}",1.339249,2,0.326172,0.001007509185001254,0.134033203125,0.042246399999999996,-1.0042825117707253,0.8468517661094666,0.00010561599999999999,0.00439530611038208,-0.003135550650767982,0.05709823709912598,,
579584,"{""0"": 215, ""1"": 235, ""2"": 267, ""3"": 307}",1.377148,3,0.299805,0.000591450254432857,0.086181640625,0.04214400000000001,-0.9270744919776917,0.8740009665489197,0.00010536000000000001,0.002842807210981846,-0.002112299727741629,0.04844438633881509,,
580608,"{""0"": 211, ""1"": 200, ""2"": 314, ""3"": 299}",1.366386,2,0.306641,0.0008474430069327354,0.129150390625,0.042041600000000005,-1.0032897554337978,0.9012086987495422,0.000105104,-0.007500430569052696,-0.0030204609502106905,0.031169836758635938,,
581632,"{""0"": 211, ""1"": 158, ""2"": 296, ""3"": 359}",1.340074,3,0.350586,0.0005961150163784623,0.145751953125,0.0419392,-0.9890936240553856,0.8761332631111145,0.000104848,0.009076204150915146,-0.0028145263204351068,0.05865625897422433,,
582656,"{""0"": 209, ""1"": 188, ""2"": 290, ""3"": 337}",1.358589,3,0.329102,0.0010829460807144642,0.1455078125,0.0418368,-0.92184928804636,0.9185999631881714,0.00010459199999999999,-0.005763252265751362,-0.003968903329223394,0.031188972294330597,,
583680,"{""0"": 205, ""1"": 180, ""2"": 336, ""3"": 303}",1.353582,2,0.328125,0.000745435303542763,0.119873046875,0.041734400000000005,-0.9685096889734268,0.9098482728004456,0.00010433600000000001,-0.001600898802280426,-0.002939610159955919,0.028447412885725498,,
584704,"{""0"": 242, ""1"": 255, ""2"": 295, ""3"": 232}",1.382013,2,0.288086,0.00119096040725708,0.1640625,0.041632,-0.9401623792946339,0.8729437589645386,0.00010408,0.0035683289170265198,-0.0037123651418369263,0.05122198536992073,,
585728,"{""0"": 250, ""1"": 192, ""2"": 268, ""3"": 314}",1.371415,3,0.306641,0.0009399622213095427,0.15576171875,0.0415296,-1.0576836839318275,0.951732873916626,0.000103824,-0.006520050577819347,-0.0034296715166419744,0.016140378429554403,,
586752,"{""0"": 234, ""1"": 207, ""2"": 273, ""3"": 310}",1.374693,3,0.302734,0.0008449720917269588,0.13818359375,0.0414272,-0.9798737391829491,0.8927048444747925,0.000103568,0.005345767363905907,-0.0028029514069203287,0.04382468527182937,,
587776,"{""0"": 207, ""1"": 199, ""2"": 275, ""3"": 343}",1.36097,3,0.334961,0.0008429771987721324,0.108642578125,0.041324799999999995,-1.0124854296445847,0.9154566526412964,0.00010331199999999999,-0.002662074752151966,-0.0028750536148436368,0.02800103195477277,,
588800,"{""0"": 228, ""1"": 218, ""2"": 318, ""3"": 260}",1.375007,2,0.310547,0.0015308561269193888,0.162841796875,0.041222400000000006,-0.9333245605230331,0.9546141624450684,0.00010305600000000001,-0.009580792859196663,-0.003323522410937585,0.019454704655800015,,
589824,"{""0"": 209, ""1"": 218, ""2"": 271, ""3"": 326}",1.369879,3,0.318359,0.0008766389801166952,0.18115234375,0.041120000000000004,-0.9689018465578556,0.9434895515441895,0.0001028,-0.007603814825415611,-0.0025431779213249683,0.024929414386861026,,
590848,"{""0"": 218, ""1"": 210, ""2"": 292, ""3"": 304}",1.372584,3,0.296875,0.0007991300662979484,0.11767578125,0.0410176,-0.9982644096016884,0.8897493481636047,0.000102544,0.0014379005879163742,-0.003449773765169084,0.042453595786355436,,
591872,"{""0"": 216, ""1"": 210, ""2"": 264, ""3"": 334}",1.368069,3,0.326172,0.0008118770783767104,0.148681640625,0.0409152,-0.9761955738067627,0.9087070226669312,0.000102288,0.0004400424659252167,-0.0030054935486987233,0.043324020225554705,,
592896,"{""0"": 241, ""1"": 203, ""2"": 313, ""3"": 267}",1.374075,2,0.305664,0.0007387130754068494,0.11474609375,0.04081280000000001,-1.0021919310092926,0.9270925521850586,0.00010203200000000002,-0.005445776507258415,-0.003443730645813048,0.03019026108086109,,
593920,"{""0"": 192, ""1"": 192, ""2"": 336, ""3"": 304}",1.353929,2,0.328125,0.0009854452218860388,0.226318359375,0.04071040000000001,-0.9882876463234425,0.9066948890686035,0.00010177600000000001,-0.0011822795495390892,-0.002615586621686816,0.041049620136618614,,
594944,"{""0"": 210, ""1"": 171, ""2"": 294, ""3"": 349}",1.348943,3,0.34082,0.0009379137773066759,0.1328125,0.040608000000000005,-0.9292574152350426,0.9009644389152527,0.00010152,0.002665974199771881,-0.0033646088268142194,0.039138861233368516,,
595968,"{""0"": 195, ""1"": 200, ""2"": 333, ""3"": 296}",1.358858,2,0.325195,0.0006302128895185888,0.13330078125,0.0405056,-0.9402663707733154,0.8445554971694946,0.000101264,0.005042199045419693,-0.0020358323818072677,0.0522422653157264,,
596992,"{""0"": 216, ""1"": 221, ""2"": 256, ""3"": 331}",1.370807,3,0.323242,0.0008918516105040908,0.1162109375,0.0404032,-0.9566241651773453,0.8112305402755737,0.00010100799999999999,0.025207728147506714,-0.00341140542877838,0.09637352032586932,,
598016,"{""0"": 204, ""1"": 170, ""2"": 340, ""3"": 310}",1.34733,2,0.332031,0.0009080186136998236,0.161376953125,0.040300800000000005,-0.9872322976589203,0.809079647064209,0.00010075200000000001,0.011351589113473892,-0.003490634262561798,0.06517193838953972,,
599040,"{""0"": 186, ""1"": 191, ""2"": 316, ""3"": 331}",1.350916,3,0.323242,0.000754202192183584,0.120361328125,0.0401984,-0.8901077955961227,0.9319738745689392,0.00010049600000000001,-0.004826782271265984,-0.0037448506918735802,0.03204897197429091,,
600064,"{""0"": 192, ""1"": 201, ""2"": 276, ""3"": 355}",1.354093,3,0.34668,0.0009030106593854725,0.137451171875,0.040096,-0.93090033903718,0.8300089836120605,0.00010024,0.004519626498222351,-0.003548892738763243,0.060775532154366374,,
601088,"{""0"": 222, ""1"": 196, ""2"": 275, ""3"": 331}",1.366024,3,0.323242,0.0008571379003114998,0.150146484375,0.0399936,-0.9460632987320423,0.9005572199821472,9.9984e-05,-0.0012823836877942085,-0.0041658414993435144,0.03886989050079137,,
602112,"{""0"": 245, ""1"": 200, ""2"": 308, ""3"": 271}",1.374327,2,0.300781,0.0008561008726246655,0.144287109375,0.03989120000000001,-0.9564972892403603,0.8354666233062744,9.972800000000002e-05,0.007470609620213509,-0.0034982851066160947,0.0644276486709714,,
603136,"{""0"": 213, ""1"": 188, ""2"": 292, ""3"": 331}",1.360652,3,0.323242,0.0009511411190032959,0.15380859375,0.039788800000000006,-0.9855024740099907,0.9150311350822449,9.947200000000001e-05,-0.002730012871325016,-0.003228010464226827,0.03680033446289599,,
604160,"{""0"": 218, ""1"": 212, ""2"": 288, ""3"": 306}",1.373107,3,0.298828,0.0009057991555891931,0.149658203125,0.039686400000000004,-0.9228746481239796,0.8533646464347839,9.921600000000001e-05,0.010418315418064594,-0.002027361304499209,0.05044752196408808,,
605184,"{""0"": 197, ""1"": 173, ""2"": 286, ""3"": 368}",1.341532,3,0.359375,0.0005724902730435133,0.132080078125,0.039584,-0.9941905029118061,0.9308291673660278,9.896e-05,-0.004115861840546131,-0.0031161478837020695,0.029529284918680787,,
606208,"{""0"": 195, ""1"": 192, ""2"": 302, ""3"": 335}",1.355342,3,0.327148,0.0010153369512408972,0.14990234375,0.0394816,-0.9105873592197895,0.9107715487480164,9.870399999999998e-05,0.003515433520078659,-0.0013644574210047722,0.03555763105396181,,
607232,"{""0"": 232, ""1"": 232, ""2"": 241, ""3"": 319}",1.376571,3,0.311523,0.0008559022680856287,0.152099609375,0.0393792,-0.9619058668613434,0.8989368677139282,9.8448e-05,0.004722408019006252,-0.0032761896145530045,0.04389808815903962,,
608256,"{""0"": 246, ""1"": 221, ""2"": 263, ""3"": 294}",1.38093,3,0.287109,0.0010035247541964054,0.16845703125,0.0392768,-0.9760635569691658,0.8702541589736938,9.8192e-05,0.0005614962428808212,-0.004367487417766824,0.05181048111990094,,
609280,"{""0"": 198, ""1"": 210, ""2"": 331, ""3"": 285}",1.363669,2,0.323242,0.0011455208295956254,0.140380859375,0.0391744,-0.9735815972089767,0.8320068717002869,9.793599999999999e-05,0.009533599019050598,-0.003156075079459697,0.06608095858246088,,
610304,"{""0"": 236, ""1"": 235, ""2"": 204, ""3"": 349}",1.3643,3,0.34082,0.0007910517160780728,0.144287109375,0.039071999999999996,-0.9586051255464554,0.884920597076416,9.767999999999999e-05,0.0014688409864902496,-0.0036902058054693043,0.044751594541594386,,
611328,"{""0"": 235, ""1"": 196, ""2"": 298, ""3"": 295}",1.371995,2,0.291016,0.0007759593427181244,0.112060546875,0.03896960000000001,-0.9978607855737209,0.9358588457107544,9.742400000000001e-05,-0.011027496308088303,-0.0033985641202889383,0.02063249738421291,,
612352,"{""0"": 224, ""1"": 238, ""2"": 283, ""3"": 279}",1.381297,2,0.276367,0.0008497158414684236,0.154541015625,0.038867200000000005,-0.994723342359066,0.9440913200378418,9.7168e-05,-0.011334426701068878,-0.003409496566746384,0.019811799051240087,,
613376,"{""0"": 248, ""1"": 235, ""2"": 245, ""3"": 296}",1.382168,3,0.289062,0.0006568991229869425,0.1337890625,0.0387648,-0.9845326170325279,0.9108536243438721,9.6912e-05,0.003762330859899521,-0.0031754115771036595,0.042884006164968014,,
614400,"{""0"": 205, ""1"": 184, ""2"": 346, ""3"": 289}",1.354098,2,0.337891,0.001060502021573484,0.163818359375,0.0386624,-1.0011969991028309,0.8665469288825989,9.665599999999999e-05,-0.0015202481299638748,-0.0034817252308130264,0.04545703181065619,,
615424,"{""0"": 224, ""1"": 203, ""2"": 344, ""3"": 253}",1.365146,2,0.335938,0.0008557771798223257,0.1650390625,0.03856000000000001,-0.9166838005185127,0.9283016324043274,9.640000000000001e-05,0.00423981249332428,-0.002313640303327702,0.03941188065800816,,
616448,"{""0"": 264, ""1"": 232, ""2"": 246, ""3"": 282}",1.383598,3,0.275391,0.0010020077461376786,0.1865234375,0.03845760000000001,-0.9432127587497234,0.9056246280670166,9.6144e-05,0.0028423331677913666,-0.0026806118548847735,0.03808967908844352,,
617472,"{""0"": 228, ""1"": 189, ""2"": 289, ""3"": 318}",1.36652,3,0.310547,0.0008784726378507912,0.116943359375,0.038355200000000006,-0.9861146658658981,0.901983380317688,9.5888e-05,3.221631050109863e-05,-0.0037285124708432704,0.037148627336137,,
618496,"{""0"": 230, ""1"": 171, ""2"": 294, ""3"": 329}",1.357392,3,0.321289,0.0009665103279985487,0.15185546875,0.0382528,-0.9406758472323418,0.9438794255256653,9.5632e-05,-0.007169467397034168,-0.002894106728490442,0.024056004476733506,,
619520,"{""0"": 219, ""1"": 176, ""2"": 277, ""3"": 352}",1.353285,3,0.34375,0.0008200445445254445,0.1416015625,0.0381504,-0.9230022244155407,0.8732259273529053,9.537599999999999e-05,0.006138920783996582,-0.004134673916269094,0.05194889102131128,,
620544,"{""0"": 223, ""1"": 219, ""2"": 256, ""3"": 326}",1.37278,3,0.318359,0.0009022147860378027,0.15087890625,0.038048000000000005,-0.944177832454443,0.8953423500061035,9.512000000000001e-05,-0.00555717758834362,-0.003654822940006852,0.033621762529946864,,
621568,"{""0"": 217, ""1"": 185, ""2"": 269, ""3"": 353}",1.356233,3,0.344727,0.000595314719248563,0.12158203125,0.0379456,-0.974537767469883,0.9438024759292603,9.4864e-05,-0.005210746079683304,-0.002389751491136849,0.025736714713275433,,
622592,"{""0"": 194, ""1"": 168, ""2"": 371, ""3"": 291}",1.337098,2,0.362305,0.0009087897487916052,0.1572265625,0.0378432,-0.9464161060750484,0.8538928627967834,9.4608e-05,0.0054833004251122475,-0.0018433970981277525,0.051972951740026474,,
623616,"{""0"": 263, ""1"": 219, ""2"": 257, ""3"": 285}",1.381906,3,0.27832,0.0007520061335526407,0.12109375,0.0377408,-0.8746714666485786,0.8868150115013123,9.4352e-05,0.005712032318115234,-0.0030325620900839567,0.04819074738770723,,
624640,"{""0"": 240, ""1"": 219, ""2"": 292, ""3"": 273}",1.380146,2,0.285156,0.0010999776422977448,0.169677734375,0.03763840000000001,-1.0118136182427406,0.9381111860275269,9.409600000000002e-05,-0.006331315264105797,-0.0022734110534656793,0.020631065126508474,,
625664,"{""0"": 220, ""1"": 173, ""2"": 299, ""3"": 332}",1.355442,3,0.324219,0.0008195035625249147,0.160400390625,0.03753600000000001,-0.9860795736312866,0.9205235242843628,9.384000000000001e-05,0.0015767551958560944,-0.00235381061793305,0.037298274924978614,,
626688,"{""0"": 214, ""1"": 163, ""2"": 296, ""3"": 351}",1.345454,3,0.342773,0.0006339150131680071,0.119384765625,0.037433600000000004,-0.9214580170810223,0.8757004737854004,9.3584e-05,0.0060128457844257355,-0.0023915326746646315,0.05639418517239392,,
627712,"{""0"": 234, ""1"": 169, ""2"": 293, ""3"": 328}",1.357354,3,0.320312,0.0007427199743688107,0.1240234375,0.0373312,-0.9292221218347549,0.8605402708053589,9.3328e-05,0.008603447116911411,-0.0025699243997223675,0.05029338481836021,,
628736,"{""0"": 256, ""1"": 216, ""2"": 255, ""3"": 297}",1.38002,3,0.290039,0.0006471173837780952,0.1259765625,0.0372288,-0.9500098526477814,0.8723337650299072,9.307199999999999e-05,0.002027275040745735,-0.0024722052621655166,0.04483173880726099,,
629760,"{""0"": 200, ""1"": 187, ""2"": 324, ""3"": 313}",1.355883,2,0.316406,0.0005884491838514805,0.1279296875,0.037126400000000004,-0.9891585856676102,0.8885188102722168,9.281600000000001e-05,0.0030362550169229507,-0.003932789666578174,0.042793431086465716,,
630784,"{""0"": 224, ""1"": 177, ""2"": 290, ""3"": 333}",1.35846,3,0.325195,0.0008532265201210976,0.16162109375,0.037024,-0.883939154446125,0.9256466031074524,9.256000000000001e-05,-0.0014204327017068863,-0.002399501856416464,0.032108937040902674,,
631808,"{""0"": 186, ""1"": 190, ""2"": 296, ""3"": 352}",1.348202,3,0.34375,0.0009312104084528983,0.168701171875,0.0369216,-0.9094442836940289,0.9087187647819519,9.2304e-05,-0.0017855269834399223,-0.0022585539263673127,0.032448757672682405,,
632832,"{""0"": 203, ""1"": 186, ""2"": 309, ""3"": 326}",1.356569,3,0.318359,0.00066315260482952,0.1455078125,0.036819199999999996,-0.950162660330534,0.8521168828010559,9.2048e-05,0.0057590678334236145,-0.0027514687972143292,0.05262144189327955,,
633856,"{""0"": 230, ""1"": 208, ""2"": 282, ""3"": 304}",1.37487,3,0.296875,0.0008314744336530566,0.126708984375,0.03671680000000001,-0.9042562022805214,0.8928179144859314,9.179200000000002e-05,0.001969720236957073,-0.001375060179270804,0.040152779314666986,,
634880,"{""0"": 204, ""1"": 175, ""2"": 278, ""3"": 367}",1.345065,3,0.358398,0.0007302445592358708,0.103759765625,0.036614400000000005,-0.9453096985816956,0.9372103810310364,9.153600000000001e-05,-0.004633367992937565,-0.00201038146042265,0.021864299080334604,,
635904,"{""0"": 151, ""1"": 164, ""2"": 366, ""3"": 343}",1.309702,2,0.357422,0.0007367508369497955,0.12158203125,0.036512,-0.8955515474081039,0.9221740961074829,9.128000000000001e-05,-0.0013202419504523277,-0.0034861890599131584,0.02682441973593086,,
636928,"{""0"": 216, ""1"": 191, ""2"": 321, ""3"": 296}",1.363871,2,0.313477,0.0006563264760188758,0.14501953125,0.0364096,-0.8265785165131092,0.8925667405128479,9.1024e-05,0.0020106658339500427,-0.0028555613826029003,0.0344934887252748,,
637952,"{""0"": 235, ""1"": 223, ""2"": 283, ""3"": 283}",1.380569,2,0.276367,0.0005455072969198227,0.13134765625,0.0363072,-0.9194483160972595,0.9537565112113953,9.0768e-05,-0.0049781352281570435,-0.0016305192257277668,0.022782932734116912,,
638976,"{""0"": 215, ""1"": 157, ""2"": 326, ""3"": 326}",1.343996,2,0.318359,0.0008006904390640557,0.134765625,0.0362048,-0.9898887574672699,0.9149669408798218,9.051200000000002e-05,-0.0011992929503321648,-0.0019897535676136613,0.033518552547320724,,
640000,"{""0"": 192, ""1"": 136, ""2"": 339, ""3"": 357}",1.315333,3,0.348633,0.0007703148294240236,0.117919921875,0.0361024,-0.890830934047699,0.938771665096283,9.025600000000001e-05,-0.004957381635904312,-0.0032150744809769094,0.024229492293670774,,
641024,"{""0"": 181, ""1"": 148, ""2"": 353, ""3"": 342}",1.319281,2,0.344727,0.0006760853575542569,0.1337890625,0.036,-0.854130145162344,0.8119553327560425,8.999999999999999e-05,0.0193809662014246,-0.0024097301065921783,0.06394557026214898,,
642048,"{""0"": 217, ""1"": 203, ""2"": 294, ""3"": 310}",1.369628,3,0.302734,0.0008694342104718089,0.12158203125,0.035897599999999995,-0.8571809194982052,0.9144977331161499,8.974399999999999e-05,0.00829585362225771,-0.0020568770414683968,0.04014963784720749,,
643072,"{""0"": 258, ""1"": 186, ""2"": 293, ""3"": 287}",1.371692,2,0.286133,0.0004959852085448802,0.116943359375,0.035795200000000006,-0.9357199259102345,0.9329121112823486,8.948800000000001e-05,-0.0031321225687861443,-0.002966074156574905,0.026206644368357956,,
644096,"{""0"": 206, ""1"": 218, ""2"": 284, ""3"": 316}",1.370451,3,0.308594,0.0006130688707344234,0.145263671875,0.035692800000000004,-0.9832233339548111,0.9274923801422119,8.9232e-05,-0.0019198190420866013,-0.0015343117993324995,0.028696938999928534,,
645120,"{""0"": 212, ""1"": 256, ""2"": 291, ""3"": 265}",1.37998,2,0.28418,0.0005977922701276839,0.13037109375,0.0355904,-0.948559582233429,0.9232968091964722,8.8976e-05,-0.0025106193497776985,-0.0023066362482495606,0.034987426130101085,,
646144,"{""0"": 211, ""1"": 234, ""2"": 246, ""3"": 333}",1.37072,3,0.325195,0.0006741065881215036,0.102294921875,0.035488,-0.9505655057728291,0.9393348693847656,8.871999999999999e-05,-0.00016771256923675537,-0.0034512513666413724,0.03193346655461937,,
647168,"{""0"": 199, ""1"": 200, ""2"": 321, ""3"": 304}",1.361511,2,0.313477,0.0007415874279104173,0.17138671875,0.035385599999999996,-0.9653751887381077,0.9344484806060791,8.846399999999999e-05,-0.004902341403067112,-0.0021738659706898034,0.023523077950812876,,
648192,"{""0"": 238, ""1"": 281, ""2"": 254, ""3"": 251}",1.384451,1,0.274414,0.000906905101146549,0.18408203125,0.03528320000000001,-0.9040302187204361,0.9665185809135437,8.8208e-05,-0.006063912063837051,-0.002141229808330536,0.018813958682585508,,
649216,"{""0"": 221, ""1"": 253, ""2"": 239, ""3"": 311}",1.377866,3,0.303711,0.0005894043133594096,0.1435546875,0.035180800000000005,-1.0065446384251118,0.914675235748291,8.7952e-05,-0.004976002499461174,-0.0024582558253314346,0.0342594034736976,,
650240,"{""0"": 207, ""1"": 214, ""2"": 342, ""3"": 261}",1.36503,2,0.333984,0.0006089223898015916,0.153564453125,0.0350784,-0.9614831991493702,0.9249146580696106,8.7696e-05,-0.005132086109369993,-0.0017413758323527873,0.02716493484331295,,
651264,"{""0"": 209, ""1"": 228, ""2"": 261, ""3"": 326}",1.371602,3,0.318359,0.0007571106543764472,0.15625,0.034976,-0.9417867474257946,0.8848186731338501,8.743999999999999e-05,0.006197204813361168,-0.0020533514907583594,0.046778159914538264,,
652288,"{""0"": 210, ""1"": 220, ""2"": 326, ""3"": 268}",1.370531,2,0.318359,0.0005253151757642627,0.131103515625,0.034873600000000005,-0.9519118405878544,0.942106306552887,8.718400000000001e-05,-0.0074073923751711845,-0.0025328494957648218,0.022196962730959058,,
653312,"{""0"": 202, ""1"": 215, ""2"": 297, ""3"": 310}",1.368647,3,0.302734,0.0012005337048321962,0.179443359375,0.0347712,-0.9661969467997551,0.9625897407531738,8.6928e-05,-0.006169936619699001,-0.0013310823705978692,0.020489039248786867,,
654336,"{""0"": 236, ""1"": 167, ""2"": 311, ""3"": 310}",1.357661,2,0.303711,0.0007518737693317235,0.120849609375,0.0346688,-0.9469365887343884,0.9167612195014954,8.6672e-05,-0.0019215811043977737,-0.0019092323491349816,0.03175399824976921,,
655360,"{""0"": 167, ""1"": 161, ""2"": 367, ""3"": 329}",1.319185,2,0.358398,0.0006416162941604853,0.1279296875,0.0345664,-0.89272665604949,0.8972452878952026,8.6416e-05,0.0030080322176218033,-0.0022111909347586334,0.04577006073668599,,
656384,"{""0"": 188, ""1"": 203, ""2"": 321, ""3"": 312}",1.357759,2,0.313477,0.0005523482104763389,0.118408203125,0.034463999999999995,-0.8237565234303474,0.8573761582374573,8.615999999999999e-05,0.008036766201257706,-0.0026494255289435387,0.053398595191538334,,
657408,"{""0"": 179, ""1"": 182, ""2"": 368, ""3"": 295}",1.338207,2,0.359375,0.0005108957411721349,0.10888671875,0.034361600000000006,-0.9378015734255314,0.9601411819458008,8.590400000000001e-05,-0.005357619374990463,-0.0021199588081799448,0.018267285253386945,,
658432,"{""0"": 216, ""1"": 181, ""2"": 290, ""3"": 337}",1.357623,3,0.329102,0.0005783061496913433,0.107177734375,0.034259200000000004,-0.8923426009714603,0.9251115918159485,8.5648e-05,0.0003597624599933624,-0.003081367089180276,0.035037187044508755,,
659456,"{""0"": 176, ""1"": 174, ""2"": 322, ""3"": 352}",1.33471,3,0.34375,0.0005337519687600434,0.1484375,0.0341568,-0.9178067222237587,0.9116852879524231,8.5392e-05,0.00032971054315567017,-0.00302329333499074,0.03637467056978494,,
660480,"{""0"": 189, ""1"": 182, ""2"": 363, ""3"": 290}",1.343822,2,0.354492,0.0008774855523370206,0.162353515625,0.0340544,-0.8880452401936054,0.8948148488998413,8.513599999999999e-05,0.0033628232777118683,-0.002995815855683759,0.042388232541270554,,
661504,"{""0"": 226, ""1"": 228, ""2"": 266, ""3"": 304}",1.378622,3,0.296875,0.000633007672149688,0.146240234375,0.033952,-0.884584441781044,0.9416825771331787,8.488000000000001e-05,0.0009250454604625702,-0.0016882226918824017,0.026895779883489013,,
662528,"{""0"": 198, ""1"": 191, ""2"": 332, ""3"": 303}",1.356445,2,0.324219,0.00062302261358127,0.14013671875,0.0338496,-0.9713391028344631,0.8921651244163513,8.462400000000001e-05,0.0033611860126256943,-0.0023903267283458263,0.04013420408591628,,
663552,"{""0"": 187, ""1"": 201, ""2"": 304, ""3"": 332}",1.355825,3,0.324219,0.0005438870284706354,0.15087890625,0.0337472,-0.9318767972290516,0.8579383492469788,8.4368e-05,0.014061560854315758,-0.0021295392944011837,0.061392697505652905,,
664576,"{""0"": 159, ""1"": 163, ""2"": 352, ""3"": 350}",1.315738,2,0.34375,0.0007282797014340758,0.161865234375,0.033644799999999996,-0.9201483428478241,0.8806962966918945,8.4112e-05,0.015403671190142632,-0.0021455681417137384,0.05065767630003393,,
665600,"{""0"": 189, ""1"": 179, ""2"": 298, ""3"": 358}",1.343389,3,0.349609,0.0007655417430214584,0.165283203125,0.03354240000000001,-0.8455216139554977,0.9146423935890198,8.385600000000002e-05,-0.004141664132475853,-0.0028895706054754555,0.029989261063747108,,
666624,"{""0"": 183, ""1"": 209, ""2"": 291, ""3"": 341}",1.355795,3,0.333008,0.0006814097869209945,0.152587890625,0.033440000000000004,-0.8823194801807404,0.8753848671913147,8.360000000000001e-05,0.008175241760909557,-0.0022627909493166953,0.05468879803083837,,
667648,"{""0"": 203, ""1"": 170, ""2"": 328, ""3"": 323}",1.34753,2,0.320312,0.0007040107739157975,0.13427734375,0.0333376,-0.9114471599459648,0.9367446899414062,8.334400000000001e-05,-0.007652117870748043,-0.0029683939064852893,0.019959193654358387,,
668672,"{""0"": 193, ""1"": 226, ""2"": 351, ""3"": 254}",1.360809,2,0.342773,0.0006048915674909949,0.14990234375,0.0332352,-0.9349715299904346,0.8866773247718811,8.3088e-05,-0.0008692750707268715,-0.0024049561470746994,0.041491185082122684,,
669696,"{""0"": 187, ""1"": 245, ""2"": 264, ""3"": 328}",1.366838,3,0.320312,0.0007560037774965167,0.123779296875,0.0331328,-0.9353576675057411,0.9498644471168518,8.2832e-05,0.0011751912534236908,-0.002570470387581736,0.029606535215862095,,
670720,"{""0"": 206, ""1"": 234, ""2"": 308, ""3"": 276}",1.374647,2,0.300781,0.0006891759694553912,0.150146484375,0.03303040000000001,-0.95705671235919,0.9275913834571838,8.257600000000002e-05,-0.0022008484229445457,-0.0022252965136431158,0.02468835993204266,,
671744,"{""0"": 172, ""1"": 203, ""2"": 324, ""3"": 325}",1.348802,3,0.317383,0.00047599110985174775,0.102294921875,0.032928000000000006,-0.9713265374302864,0.9418945908546448,8.232000000000001e-05,-0.004441392607986927,-0.0029544630087912083,0.024188816314563155,,
672768,"{""0"": 204, ""1"": 241, ""2"": 255, ""3"": 324}",1.372179,3,0.316406,0.0006299206870608032,0.16064453125,0.0328256,-0.8855073042213917,0.9424737095832825,8.2064e-05,-0.0004666335880756378,-0.002905581408413127,0.032991541433148086,,
673792,"{""0"": 176, ""1"": 205, ""2"": 347, ""3"": 296}",1.350139,2,0.338867,0.0005761972279287875,0.121826171875,0.0327232,-0.9530557468533516,0.9178056716918945,8.1808e-05,-0.0027548987418413162,-0.002583302790299058,0.029657566221430898,,
674816,"{""0"": 149, ""1"": 206, ""2"": 314, ""3"": 355}",1.332798,3,0.34668,0.0005760228959843516,0.125244140625,0.032620800000000005,-0.93233947083354,0.9501477479934692,8.155200000000002e-05,-0.0041904142126441,-0.003316296701086685,0.026240066275931895,,
675840,"{""0"": 147, ""1"": 152, ""2"": 376, ""3"": 349}",1.296541,2,0.367188,0.0005809229332953691,0.1123046875,0.0325184,-0.8432255499064922,0.9028804302215576,8.1296e-05,-0.0032865814864635468,-0.0023433181922882795,0.029840453411452472,,
676864,"{""0"": 203, ""1"": 213, ""2"": 310, ""3"": 298}",1.368379,2,0.302734,0.000766087556257844,0.13037109375,0.032416,-0.872400313615799,0.8640494346618652,8.104e-05,0.01075216755270958,-0.002608414215501398,0.04772539506666362,,
677888,"{""0"": 197, ""1"": 200, ""2"": 342, ""3"": 285}",1.358308,2,0.333984,0.0005409513833001256,0.156005859375,0.0323136,-0.9615457020699978,0.878940999507904,8.078399999999999e-05,0.006983380764722824,-0.0027743734535761178,0.05100426869466901,,
678912,"{""0"": 186, ""1"": 234, ""2"": 297, ""3"": 307}",1.367297,3,0.299805,0.0005900947726331651,0.11376953125,0.032211199999999995,-0.9135619290173054,0.9302671551704407,8.052799999999999e-05,0.00586432870477438,-0.0030226253147702664,0.04182250704616308,,
679936,"{""0"": 213, ""1"": 279, ""2"": 269, ""3"": 263}",1.381162,1,0.272461,0.0006286715506576002,0.151123046875,0.03210880000000001,-0.9625743292272091,0.9413533806800842,8.0272e-05,-0.0030366964638233185,-0.002953691757284105,0.02865586499683559,,
680960,"{""0"": 176, ""1"": 243, ""2"": 302, ""3"": 303}",1.364451,3,0.295898,0.0004255920648574829,0.14697265625,0.032006400000000004,-1.01693394780159,0.9778121113777161,8.0016e-05,-0.010828102938830853,-0.0019520894275046885,0.011281924380455166,,
681984,"{""0"": 168, ""1"": 199, ""2"": 315, ""3"": 342}",1.343816,3,0.333984,0.0005880839307792485,0.162353515625,0.031904,-0.9486589729785919,0.9487344622612,7.976e-05,-0.0030277585610747337,-0.0014489880413748324,0.01982873526867479,,
683008,"{""0"": 200, ""1"": 174, ""2"": 337, ""3"": 313}",1.348202,2,0.329102,0.00035097700310871005,0.1455078125,0.0318016,-0.9050728119909763,0.9054796695709229,7.950399999999999e-05,0.0066366177052259445,-0.0024779146478977054,0.04736435157246888,,
684032,"{""0"": 202, ""1"": 242, ""2"": 300, ""3"": 280}",1.37535,2,0.292969,0.0005897049559280276,0.175537109375,0.031699200000000004,-0.8988129496574402,0.9154075384140015,7.924800000000001e-05,-0.00010797660797834396,-0.002868379233404994,0.03579022584017366,,
685056,"{""0"": 196, ""1"": 224, ""2"": 312, ""3"": 292}",1.368827,2,0.304688,0.00046680535888299346,0.171875,0.0315968,-0.9795716442167759,0.9462946057319641,7.8992e-05,-0.007250623777508736,-0.002359836478717625,0.022108202916570008,,
686080,"{""0"": 183, ""1"": 227, ""2"": 331, ""3"": 283}",1.362173,2,0.323242,0.0005655903369188309,0.143310546875,0.0314944,-0.9397492334246635,0.9201480150222778,7.8736e-05,9.273551404476166e-05,-0.0023361892672255635,0.03476918186061084,,
687104,"{""0"": 180, ""1"": 210, ""2"": 311, ""3"": 323}",1.356392,3,0.31543,0.0004663059953600168,0.123291015625,0.031391999999999996,-0.945694375783205,0.952628493309021,7.848e-05,-0.00782086793333292,-0.0024789085728116333,0.021425919141620398,,
688128,"{""0"": 165, ""1"": 223, ""2"": 303, ""3"": 333}",1.351733,3,0.325195,0.0005194773548282683,0.11962890625,0.031289599999999994,-0.9428101927042007,0.9193451404571533,7.822399999999999e-05,0.004547402262687683,-0.002023445558734238,0.03678081766702235,,
689152,"{""0"": 129, ""1"": 166, ""2"": 381, ""3"": 348}",1.290575,2,0.37207,0.0008371491567231715,0.158935546875,0.031187200000000005,-0.9377961456775665,0.9200879335403442,7.796800000000001e-05,-0.0026989122852683067,-0.003153770521748811,0.031018642708659172,,
690176,"{""0"": 188, ""1"": 201, ""2"": 277, ""3"": 358}",1.351883,3,0.349609,0.0005618807626888156,0.165283203125,0.031084800000000003,-0.7803897596895695,0.8576979041099548,7.7712e-05,0.009337276220321655,-0.0005302899808157235,0.05291058262810111,,
691200,"{""0"": 154, ""1"": 230, ""2"": 294, ""3"": 346}",1.345252,3,0.337891,0.0006423182785511017,0.134765625,0.0309824,-0.9365983381867409,0.9014663696289062,7.7456e-05,-0.0019661197438836098,-0.0027690213173627853,0.034048698376864195,,
692224,"{""0"": 159, ""1"": 207, ""2"": 357, ""3"": 301}",1.339655,2,0.348633,0.0008418319630436599,0.172119140625,0.030879999999999998,-0.9295558705925941,0.9349873661994934,7.719999999999999e-05,-0.0013112016022205353,-0.00163815455744043,0.027133476571179926,,
693248,"{""0"": 195, ""1"": 239, ""2"": 265, ""3"": 325}",1.369478,3,0.317383,0.000485595955979079,0.178955078125,0.030777600000000006,-0.9109653457999229,0.9192954897880554,7.694400000000001e-05,0.0007424866780638695,-0.002026104833930731,0.036470145103521645,,
694272,"{""0"": 146, ""1"": 208, ""2"": 362, ""3"": 308}",1.330436,2,0.353516,0.0005564195453189313,0.16357421875,0.030675200000000003,-0.9672374464571476,0.9204881191253662,7.668800000000001e-05,-0.0018220879137516022,-0.0032576319063082337,0.03474912664387375,,
695296,"{""0"": 185, ""1"": 213, ""2"": 322, ""3"": 304}",1.360082,2,0.314453,0.0006739416858181357,0.159423828125,0.0305728,-0.8855647332966328,0.9163936376571655,7.6432e-05,0.005283479578793049,-0.002246870950330049,0.039059887058101594,,
696320,"{""0"": 175, ""1"": 229, ""2"": 303, ""3"": 317}",1.36019,3,0.30957,0.00046583375660702586,0.11962890625,0.030470399999999998,-0.95640779286623,0.9248684644699097,7.6176e-05,-0.006810879334807396,-0.003192062460584566,0.030671109445393085,,
697344,"{""0"": 176, ""1"": 199, ""2"": 337, ""3"": 312}",1.348896,2,0.329102,0.0005042901029810309,0.115478515625,0.030367999999999996,-0.9144651107490063,0.8996374011039734,7.591999999999999e-05,-0.0008822539821267128,-0.0024000108533073217,0.0386926697101444,,
698368,"{""0"": 164, ""1"": 206, ""2"": 312, ""3"": 342}",1.344321,3,0.333984,0.0003340864204801619,0.111083984375,0.030265600000000004,-0.8920035362243652,0.9192001223564148,7.566400000000001e-05,0.0013665109872817993,-0.001997544168261811,0.03733490686863661,,
699392,"{""0"": 180, ""1"": 215, ""2"": 319, ""3"": 310}",1.358373,2,0.311523,0.0005758169572800398,0.15625,0.0301632,-0.8820741437375546,0.9071047306060791,7.540800000000001e-05,0.003807809203863144,-0.002001237968215719,0.039899206487461925,,
700416,"{""0"": 178, ""1"": 212, ""2"": 281, ""3"": 353}",1.35218,3,0.344727,0.0005102190771140158,0.147705078125,0.0300608,-0.9517538845539093,0.9515568017959595,7.5152e-05,-0.006492979824542999,-0.003553094866219908,0.01978885248536244,,
701440,"{""0"": 139, ""1"": 196, ""2"": 346, ""3"": 343}",1.320523,2,0.337891,0.0003180046333000064,0.12451171875,0.029958399999999996,-0.942141979932785,0.9474102258682251,7.4896e-05,-0.006147712469100952,-0.002008703479077667,0.020017923903651536,,
702464,"{""0"": 172, ""1"": 218, ""2"": 324, ""3"": 310}",1.354824,2,0.316406,0.0004398744786158204,0.118408203125,0.029856000000000008,-0.8493608273565769,0.9352864027023315,7.464000000000002e-05,-0.0014244811609387398,-0.0014178658020682633,0.026991809369064867,,
703488,"{""0"": 190, ""1"": 246, ""2"": 305, ""3"": 283}",1.371313,2,0.297852,0.0003829495399259031,0.09765625,0.029753600000000005,-0.9487685523927212,0.9380415678024292,7.438400000000001e-05,-0.001386396586894989,-0.002525485440855846,0.026717000757344067,,
704512,"{""0"": 138, ""1"": 270, ""2"": 313, ""3"": 303}",1.344209,2,0.305664,0.0004979455261491239,0.179931640625,0.029651200000000003,-0.9721921607851982,0.9115452766418457,7.4128e-05,-0.0005523655563592911,-0.0027276654727756977,0.04192461469210684,,
705536,"{""0"": 182, ""1"": 235, ""2"": 310, ""3"": 297}",1.365546,2,0.302734,0.0003811741480603814,0.12255859375,0.0295488,-0.9513356052339077,0.9041308760643005,7.3872e-05,0.009572688490152359,-0.00214770674938336,0.04499907046556473,,
706560,"{""0"": 192, ""1"": 220, ""2"": 348, ""3"": 264}",1.36052,2,0.339844,0.0005630989908240736,0.151611328125,0.029446399999999998,-0.9460676126182079,0.9400901198387146,7.3616e-05,-0.004794761538505554,-0.0024507803027518094,0.02608422061894089,,
707584,"{""0"": 155, ""1"": 217, ""2"": 314, ""3"": 338}",1.342929,3,0.330078,0.0009573323186486959,0.194091796875,0.029344000000000005,-0.9485794492065907,0.935405969619751,7.336000000000002e-05,-0.0037478702142834663,-0.0019290237687528133,0.028046911349520087,,
708608,"{""0"": 147, ""1"": 192, ""2"": 381, ""3"": 304}",1.32091,2,0.37207,0.000610473973210901,0.195068359375,0.029241600000000003,-0.9299245737493038,0.9007532000541687,7.310400000000001e-05,0.00026223715394735336,-0.00186165765626356,0.0334764817962423,,
709632,"{""0"": 189, ""1"": 242, ""2"": 265, ""3"": 328}",1.367263,3,0.320312,0.0006661030929535627,0.213134765625,0.0291392,-0.9170175865292549,0.8464318513870239,7.284799999999999e-05,0.01049014925956726,-0.0018514633411541581,0.06226158468052745,,
710656,"{""0"": 171, ""1"": 217, ""2"": 297, ""3"": 339}",1.352649,3,0.331055,0.000525402370840311,0.1748046875,0.029036799999999998,-0.9730222821235657,0.8818085193634033,7.259199999999999e-05,0.0042650047689676285,-0.0017050568712875247,0.04729165765456855,,
711680,"{""0"": 207, ""1"": 229, ""2"": 298, ""3"": 290}",1.374641,2,0.291016,0.0008317538886331022,0.117919921875,0.028934400000000006,-0.9198938235640526,0.9062480330467224,7.2336e-05,-0.0016915900632739067,-0.0023564340663142502,0.03491451288573444,,
712704,"{""0"": 200, ""1"": 213, ""2"": 313, ""3"": 298}",1.367103,2,0.305664,0.00044214987428858876,0.18115234375,0.028832000000000003,-0.96067214012146,0.9440150856971741,7.208e-05,-0.007463637739419937,-0.0026078951777890325,0.021479466347955167,,
713728,"{""0"": 162, ""1"": 213, ""2"": 382, ""3"": 267}",1.336655,2,0.373047,0.00036884297151118517,0.15380859375,0.0287296,-0.9427640065550804,0.9547584056854248,7.1824e-05,-0.005348440259695053,-0.00159043978783302,0.02016563416691497,,
714752,"{""0"": 185, ""1"": 250, ""2"": 276, ""3"": 313}",1.369047,3,0.305664,0.00043272454058751464,0.15283203125,0.0286272,-0.9111236147582531,0.8478801250457764,7.156799999999999e-05,0.01588994264602661,-0.0004471088177524507,0.0809404207393527,,
715776,"{""0"": 178, ""1"": 194, ""2"": 333, ""3"": 319}",1.347947,2,0.325195,0.00037246226565912366,0.15478515625,0.028524799999999996,-1.0091245025396347,0.8816041350364685,7.131199999999998e-05,0.005392309278249741,-0.00134608760708943,0.04247424053028226,,
716800,"{""0"": 153, ""1"": 197, ""2"": 344, ""3"": 330}",1.332517,2,0.335938,0.0005132678197696805,0.138427734375,0.028422400000000004,-0.9445180967450142,0.9564648270606995,7.1056e-05,-0.00620845053344965,-0.0029425329412333667,0.01876115467166528,,
717824,"{""0"": 195, ""1"": 245, ""2"": 299, ""3"": 285}",1.37343,2,0.291992,0.0005260641919448972,0.14892578125,0.02832,-0.8977999053895473,0.9366007447242737,7.08e-05,-0.0018681222572922707,-0.003010098298545927,0.027548375306650996,,
718848,"{""0"": 191, ""1"": 212, ""2"": 352, ""3"": 269}",1.357491,2,0.34375,0.0006145618972368538,0.2021484375,0.0282176,-0.9943255223333836,0.8751537203788757,7.0544e-05,0.005578694865107536,-0.0026930150925181806,0.05501718586310744,,
719872,"{""0"": 212, ""1"": 299, ""2"": 248, ""3"": 265}",1.378749,1,0.291992,0.0004139351658523083,0.10009765625,0.028115199999999996,-0.9362586811184883,0.941015362739563,7.028799999999999e-05,0.002683299593627453,-0.001975447579752654,0.031084868358448148,,
720896,"{""0"": 162, ""1"": 211, ""2"": 351, ""3"": 300}",1.343871,2,0.342773,0.000441096315626055,0.136474609375,0.028012800000000004,-1.0422936379909515,0.9122274518013,7.003200000000001e-05,-0.004608261398971081,-0.0025268670287914574,0.028795912163332105,,
721920,"{""0"": 137, ""1"": 200, ""2"": 338, ""3"": 349}",1.320817,3,0.34082,0.0006588934920728207,0.1767578125,0.027910400000000002,-0.9200810827314854,0.922730565071106,6.9776e-05,0.0014237817376852036,-0.0024085245095193386,0.041762586566619575,,
722944,"{""0"": 178, ""1"": 203, ""2"": 306, ""3"": 337}",1.351664,3,0.329102,0.0005591782974079251,0.131591796875,0.027808,-0.8747434057295322,0.899573028087616,6.952e-05,-0.0009322771802544594,-0.001938706438522786,0.03367657109629363,,
723968,"{""0"": 154, ""1"": 242, ""2"": 344, ""3"": 284}",1.347973,2,0.335938,0.00038730353116989136,0.1552734375,0.027705599999999997,-0.9253870695829391,0.8942184448242188,6.926399999999999e-05,0.012385822832584381,-0.0026526362635195255,0.049868102883920074,,
724992,"{""0"": 180, ""1"": 235, ""2"": 312, ""3"": 297}",1.364489,2,0.304688,0.0005786055698990822,0.1826171875,0.02760320000000001,-0.9379929751157761,0.9550053477287292,6.900800000000001e-05,-0.005327370949089527,-0.0017959593678824604,0.02226847899146378,,
726016,"{""0"": 175, ""1"": 247, ""2"": 305, ""3"": 297}",1.364685,2,0.297852,0.0006589415133930743,0.135986328125,0.027500800000000006,-0.9425393640995026,0.9159567952156067,6.875200000000001e-05,0.004619821906089783,3.3724179957062006e-05,0.03875538730062544,,
727040,"{""0"": 154, ""1"": 235, ""2"": 311, ""3"": 324}",1.348728,3,0.316406,0.0003831865615211427,0.127197265625,0.027398400000000003,-0.9681014530360699,0.9094736576080322,6.8496e-05,0.0008011087775230408,-0.0020130293851252645,0.03977352392394096,,
728064,"{""0"": 163, ""1"": 174, ""2"": 353, ""3"": 334}",1.326256,2,0.344727,0.0004949145368300378,0.147705078125,0.027296,-0.9375046566128731,0.9264585375785828,6.824e-05,-0.0018187109380960464,-0.0028266190784052014,0.031041487236507237,,
729088,"{""0"": 165, ""1"": 233, ""2"": 318, ""3"": 308}",1.355519,2,0.310547,0.0004724775208160281,0.152587890625,0.0271936,-0.9068088717758656,0.7772859334945679,6.798399999999999e-05,0.019425638020038605,-0.0019966147374361753,0.07640221295878291,,
730112,"{""0"": 166, ""1"": 226, ""2"": 378, ""3"": 254}",1.342113,2,0.369141,0.00041785003850236535,0.115966796875,0.027091200000000006,-0.9129275046288967,0.9433228373527527,6.772800000000001e-05,-0.0018968163058161736,-0.0003080011811107397,0.02713087515439838,,
731136,"{""0"": 175, ""1"": 275, ""2"": 289, ""3"": 285}",1.367989,2,0.282227,0.0006727201398462057,0.15185546875,0.026988800000000004,-0.8964563049376011,0.8154847621917725,6.747200000000001e-05,0.027928832918405533,-0.0023159717384260148,0.0865295622497797,,
732160,"{""0"": 187, ""1"": 259, ""2"": 283, ""3"": 295}",1.372141,3,0.288086,0.0005348988343030214,0.161376953125,0.0268864,-0.9618642367422581,0.902694046497345,6.7216e-05,0.007960197515785694,-0.0006038720021024346,0.03806085232645273,,
733184,"{""0"": 175, ""1"": 230, ""2"": 326, ""3"": 293}",1.359778,2,0.318359,0.0004371589166112244,0.13525390625,0.026784,-0.9729863256216049,0.8792015910148621,6.696e-05,0.000862928107380867,-0.0026545908767729998,0.04200367862358689,,
734208,"{""0"": 182, ""1"": 222, ""2"": 306, ""3"": 314}",1.361892,3,0.306641,0.0003758648526854813,0.113037109375,0.026681600000000007,-0.9486531540751457,0.923408567905426,6.670400000000002e-05,-0.0036982959136366844,-0.0024617266608402133,0.029297645669430494,,
735232,"{""0"": 189, ""1"": 241, ""2"": 276, ""3"": 318}",1.368885,3,0.310547,0.0004526539705693722,0.1435546875,0.026579200000000004,-0.9402728006243706,0.9131225943565369,6.644800000000001e-05,0.0013721780851483345,-0.0016845511854626238,0.043102092924527824,,
736256,"{""0"": 192, ""1"": 267, ""2"": 305, ""3"": 260}",1.373164,2,0.297852,0.0004271017969585955,0.13818359375,0.0264768,-0.9704436920583248,0.9372438788414001,6.6192e-05,-0.0008398806676268578,-0.0019031704869121313,0.028289562556892633,,
737280,"{""0"": 187, ""1"": 241, ""2"": 257, ""3"": 339}",1.363913,3,0.331055,0.00035834190202876925,0.13134765625,0.0263744,-0.9918674789369106,0.9598026871681213,6.5936e-05,-0.007961440831422806,-0.0026570942136459053,0.01686430088011548,,
738304,"{""0"": 191, ""1"": 234, ""2"": 327, ""3"": 272}",1.36719,2,0.319336,0.00026087096193805337,0.095703125,0.026271999999999997,-0.9439975172281265,0.9270240068435669,6.568e-05,0.002352130599319935,-0.001825804210966453,0.02569591230712831,,
739328,"{""0"": 188, ""1"": 224, ""2"": 311, ""3"": 301}",1.36548,2,0.303711,0.0005775357130914927,0.210205078125,0.026169600000000005,-0.9469139873981476,0.9695389270782471,6.542400000000002e-05,-0.008270210586488247,-0.0020518219971563667,0.015451155893970281,,
740352,"{""0"": 156, ""1"": 217, ""2"": 338, ""3"": 313}",1.343614,2,0.330078,0.0006194000015966594,0.14453125,0.026067200000000002,-0.9077741056680679,0.9216110706329346,6.516800000000001e-05,0.004380843602120876,-0.0019479820621199906,0.03666202269960195,,
741376,"{""0"": 194, ""1"": 245, ""2"": 307, ""3"": 278}",1.372494,2,0.299805,0.00039656716398894787,0.10009765625,0.0259648,-0.8906399682164192,0.9645174741744995,6.4912e-05,-0.007873378694057465,-0.0016202412080019712,0.017566782888025045,,
742400,"{""0"": 165, ""1"": 195, ""2"": 324, ""3"": 340}",1.340145,3,0.332031,0.0003275336930528283,0.13623046875,0.025862399999999997,-0.9862743802368641,0.9235442280769348,6.4656e-05,0.001922433264553547,-0.002326893270947039,0.03573506243992597,,
743424,"{""0"": 146, ""1"": 180, ""2"": 388, ""3"": 310}",1.312774,2,0.378906,0.0003514676936902106,0.13037109375,0.025760000000000005,-0.8789607547223568,0.7932664752006531,6.440000000000002e-05,0.015086949802935123,-0.0018240850768052042,0.06822972418740392,,
744448,"{""0"": 175, ""1"": 249, ""2"": 302, ""3"": 298}",1.365099,2,0.294922,0.00027663225773721933,0.12158203125,0.025657600000000003,-0.8536185435950756,0.917016327381134,6.4144e-05,0.004635751247406006,-0.002028865448664874,0.03537385689560324,,
745472,"{""0"": 179, ""1"": 240, ""2"": 282, ""3"": 323}",1.363996,3,0.31543,0.00034398899879306555,0.146728515625,0.0255552,-0.9261423200368881,0.8985709547996521,6.3888e-05,0.0017829407006502151,-0.0019097613403573632,0.039947768789716065,,
746496,"{""0"": 189, ""1"": 235, ""2"": 293, ""3"": 307}",1.368849,3,0.299805,0.0003770084003917873,0.1240234375,0.025452799999999998,-0.9578047096729279,0.9036507606506348,6.363199999999999e-05,0.003984997048974037,-0.0017304170178249478,0.03495106066111475,,
747520,"{""0"": 185, ""1"": 235, ""2"": 361, ""3"": 243}",1.35582,2,0.352539,0.00038516108179464936,0.172607421875,0.025350399999999995,-0.9360913559794426,0.9351251721382141,6.337599999999998e-05,-0.00441585760563612,-0.0024216102610807866,0.027266143762972206,,
748544,"{""0"": 168, ""1"": 241, ""2"": 298, ""3"": 317}",1.359238,3,0.30957,0.0005885352147743106,0.162841796875,0.025248000000000007,-0.9107184372842312,0.937443196773529,6.312e-05,0.005420000292360783,-0.0015226588293444365,0.03847450646571815,,
749568,"{""0"": 181, ""1"": 210, ""2"": 321, ""3"": 312}",1.356989,2,0.313477,0.00032780092442408204,0.125,0.025145600000000004,-0.8722293265163898,0.9193605184555054,6.2864e-05,0.0027925772592425346,-0.0005801414372399449,0.026977380272001028,,
750592,"{""0"": 197, ""1"": 278, ""2"": 258, ""3"": 291}",1.375934,3,0.28418,0.000451383413746953,0.139404296875,0.0250432,-0.8869457691907883,0.9240787029266357,6.2608e-05,0.002828191965818405,-0.0022659689420834184,0.037143157911486924,,
751616,"{""0"": 195, ""1"": 231, ""2"": 290, ""3"": 308}",1.370369,3,0.300781,0.0004149181768298149,0.12939453125,0.0249408,-0.97661342471838,0.9103937149047852,6.235199999999999e-05,-0.0013009998947381973,-0.0020343843498267233,0.04126873950008303,,
752640,"{""0"": 163, ""1"": 257, ""2"": 317, ""3"": 287}",1.358975,2,0.30957,0.0004646803718060255,0.124267578125,0.024838400000000007,-0.9082340598106384,0.9207353591918945,6.209600000000001e-05,-0.0024841828271746635,-0.0017059590900316834,0.029321473790332675,,
753664,"{""0"": 200, ""1"": 280, ""2"": 264, ""3"": 280}",1.377569,1,0.273438,0.0004329695366322994,0.165771484375,0.024736000000000005,-0.9317852593958378,0.8989009857177734,6.184e-05,0.008111614733934402,-0.0014183539315126836,0.039576326264068484,,
754688,"{""0"": 165, ""1"": 250, ""2"": 319, ""3"": 290}",1.359003,2,0.311523,0.00039074436062946916,0.1396484375,0.024633600000000002,-0.9383471198379993,0.961258053779602,6.1584e-05,-0.006071670912206173,-0.0016678216634318233,0.015212318627163768,,
755712,"{""0"": 182, ""1"": 207, ""2"": 334, ""3"": 301}",1.355531,2,0.326172,0.00041585962753742933,0.15283203125,0.0245312,-0.8600861765444279,0.9563590884208679,6.132799999999999e-05,-0.0024426281452178955,-0.0014894403866492212,0.019095164607279003,,
756736,"{""0"": 166, ""1"": 227, ""2"": 395, ""3"": 236}",1.334618,2,0.385742,0.0004299880238249898,0.23193359375,0.024428799999999997,-0.8967193625867367,0.8695427775382996,6.107199999999999e-05,0.004407656379044056,-0.0017149773193523288,0.045363001991063356,,
757760,"{""0"": 196, ""1"": 258, ""2"": 268, ""3"": 302}",1.374726,3,0.294922,0.0003589739790186286,0.1240234375,0.024326400000000005,-0.8836365714669228,0.9114046692848206,6.081600000000001e-05,0.004483812488615513,-0.001521959202364087,0.04422896495088935,,
758784,"{""0"": 183, ""1"": 240, ""2"": 303, ""3"": 298}",1.367327,2,0.295898,0.0006155113223940134,0.175048828125,0.024224000000000002,-0.9378224015235901,0.838114857673645,6.056e-05,0.011413962580263615,-0.0021981485770083964,0.06347964215092361,,
759808,"{""0"": 208, ""1"": 245, ""2"": 288, ""3"": 283}",1.378141,2,0.28125,0.0004147482104599476,0.143798828125,0.0241216,-0.9311031363904476,0.8873679637908936,6.0304e-05,0.0070839812979102135,-0.0018048955535050482,0.05708667170256376,,
760832,"{""0"": 166, ""1"": 234, ""2"": 316, ""3"": 308}",1.356452,2,0.308594,0.00032541994005441666,0.123046875,0.024019199999999997,-0.930439930409193,0.8921701908111572,6.004799999999999e-05,0.008042964152991772,-0.0021252494771033525,0.054069543024525046,,
761856,"{""0"": 191, ""1"": 247, ""2"": 302, ""3"": 284}",1.372037,2,0.294922,0.0002725256490521133,0.1455078125,0.023916800000000005,-0.8987965360283852,0.9397875070571899,5.979200000000001e-05,-0.002442607656121254,-0.002031362382695079,0.024103148723952472,,
762880,"{""0"": 193, ""1"": 274, ""2"": 313, ""3"": 244}",1.371348,2,0.305664,0.0004271856159903109,0.189208984375,0.023814400000000003,-0.9457852430641651,0.9546543955802917,5.953600000000001e-05,-0.003828546032309532,-0.002017669554334134,0.02087856933940202,,
763904,"{""0"": 197, ""1"": 276, ""2"": 291, ""3"": 260}",1.376065,2,0.28418,0.0005931963678449392,0.210693359375,0.023712,-0.9202076196670532,0.8994277119636536,5.928e-05,0.010301437228918076,-0.0022312410874292254,0.056578930700197816,,
764928,"{""0"": 213, ""1"": 285, ""2"": 290, ""3"": 236}",1.378108,2,0.283203,0.0003998827887699008,0.11474609375,0.023609599999999998,-0.9438957422971725,0.9354141354560852,5.9023999999999996e-05,0.0024477913975715637,-0.001884792058262974,0.028346791164949536,,
765952,"{""0"": 191, ""1"": 249, ""2"": 291, ""3"": 293}",1.372626,3,0.286133,0.0003522310289554298,0.127197265625,0.023507199999999995,-0.9928346760571003,0.9235259294509888,5.876799999999999e-05,0.0050469059497118,-0.0011841236846521497,0.03798145812470466,,
766976,"{""0"": 202, ""1"": 227, ""2"": 305, ""3"": 290}",1.3722,2,0.297852,0.0002551706857047975,0.123291015625,0.023404800000000003,-0.9435092806816101,0.9282588362693787,5.851200000000001e-05,0.0009182868525385857,-0.0018759181548375636,0.029434813070110977,,
768000,"{""0"": 203, ""1"": 282, ""2"": 242, ""3"": 297}",1.375847,3,0.290039,0.00028680922696366906,0.126220703125,0.0233024,-0.9136557504534721,0.9079156517982483,5.8256000000000006e-05,0.00788426585495472,-0.0017026955028995872,0.0456664280500263,,
769024,"{""0"": 207, ""1"": 278, ""2"": 275, ""3"": 264}",1.3797,1,0.271484,0.00038659217534586787,0.191162109375,0.0232,-0.9937536977231503,0.8798438310623169,5.8e-05,0.0064416732639074326,-0.00103850377490744,0.04690830677282065,,
770048,"{""0"": 189, ""1"": 220, ""2"": 332, ""3"": 283}",1.362864,2,0.324219,0.0003498915466479957,0.140625,0.023097599999999996,-0.9686912707984447,0.891889750957489,5.774399999999999e-05,0.007783966138958931,-0.0016282738361041993,0.04536882718093693,,
771072,"{""0"": 158, ""1"": 186, ""2"": 376, ""3"": 304}",1.326608,2,0.367188,0.0004071866860613227,0.178955078125,0.022995200000000007,-0.923028189688921,0.9199874401092529,5.748800000000001e-05,-0.0016429061070084572,-0.0007774902042001486,0.02835355221759528,,
772096,"{""0"": 189, ""1"": 229, ""2"": 315, ""3"": 291}",1.367009,2,0.307617,0.00031240604585036635,0.120849609375,0.022892800000000005,-0.8415177315473557,0.9278215765953064,5.7232000000000004e-05,0.003032068721950054,-0.0015579561586491764,0.030668674153275788,,
773120,"{""0"": 219, ""1"": 258, ""2"": 246, ""3"": 301}",1.379692,3,0.293945,0.00040021270979195833,0.1396484375,0.022790400000000002,-0.9079162590205669,0.9169306755065918,5.6976e-05,0.004862554371356964,-0.0011893821938429028,0.0366231290390715,,
774144,"{""0"": 197, ""1"": 255, ""2"": 259, ""3"": 313}",1.373275,3,0.305664,0.00023365527158603072,0.14453125,0.022688,-0.96040940284729,0.8840911388397217,5.671999999999999e-05,0.017899271100759506,-0.000606867135502398,0.05248505040071905,,
775168,"{""0"": 186, ""1"": 227, ""2"": 305, ""3"": 306}",1.365491,3,0.298828,0.000316485355142504,0.16552734375,0.022585599999999997,-0.9527350589632988,0.9082852602005005,5.6463999999999987e-05,0.000696919858455658,-0.0008455486386083066,0.03311974322423339,,
776192,"{""0"": 211, ""1"": 218, ""2"": 308, ""3"": 287}",1.372679,2,0.300781,0.0002662309561856091,0.139404296875,0.022483200000000005,-0.8871075101196766,0.8897423148155212,5.620800000000001e-05,0.014825096353888512,-0.0016363253525923938,0.05641583283431828,,
777216,"{""0"": 168, ""1"": 234, ""2"": 328, ""3"": 294}",1.356812,2,0.320312,0.00033062940929085016,0.18701171875,0.022380800000000003,-0.9181633144617081,0.8959417343139648,5.5952e-05,0.008104040287435055,-0.001481862855143845,0.04555621021427214,,
778240,"{""0"": 191, ""1"": 249, ""2"": 309, ""3"": 275}",1.371663,2,0.301758,0.0005662344628944993,0.176513671875,0.0222784,-0.9036444425582886,0.9510946869850159,5.5696e-05,-0.0016494402661919594,-0.0016672288184054196,0.022235725831706077,,
779264,"{""0"": 164, ""1"": 199, ""2"": 364, ""3"": 297}",1.338358,2,0.355469,0.0003103810013271868,0.138916015625,0.022175999999999998,-0.9106385335326195,0.9624963402748108,5.543999999999999e-05,-0.004989508539438248,-0.0012026071199215949,0.01586555247195065,,
780288,"{""0"": 172, ""1"": 246, ""2"": 335, ""3"": 271}",1.359608,2,0.327148,0.00027354416670277715,0.107421875,0.022073600000000006,-0.8771350644528866,0.9459986686706543,5.518400000000001e-05,0.000989469699561596,-0.0014382476219907403,0.02558078698348254,,
781312,"{""0"": 217, ""1"": 237, ""2"": 300, ""3"": 270}",1.378663,2,0.292969,0.0003582367207854986,0.1611328125,0.021971200000000003,-0.902993593364954,0.8933422565460205,5.492800000000001e-05,0.017039373517036438,-0.0015360380639322102,0.058579927776008844,,
782336,"{""0"": 207, ""1"": 242, ""2"": 308, ""3"": 267}",1.375943,2,0.300781,0.0003709454904310405,0.1875,0.0218688,-0.9372799284756184,0.9376124739646912,5.4672e-05,-0.003086472861468792,-0.0018718792125582695,0.030614395975135267,,
783360,"{""0"": 194, ""1"": 238, ""2"": 320, ""3"": 272}",1.369943,2,0.3125,0.0002311894204467535,0.133544921875,0.021766399999999998,-0.9487616643309593,0.9520155191421509,5.4415999999999995e-05,-0.004336606711149216,-0.001835924107581377,0.024141008383594453,,
784384,"{""0"": 227, ""1"": 221, ""2"": 304, ""3"": 272}",1.377554,2,0.296875,0.0002986930194310844,0.15087890625,0.021664000000000006,-0.9383706636726856,0.9257498979568481,5.416000000000002e-05,0.0017681634053587914,-0.0016012307023629546,0.03274905413854867,,
785408,"{""0"": 193, ""1"": 266, ""2"": 293, ""3"": 272}",1.374853,2,0.286133,0.0003256535273976624,0.165283203125,0.021561600000000004,-0.9465509243309498,0.8046767115592957,5.390400000000001e-05,0.042420968413352966,-0.0014492581540253013,0.09772551571950316,,
786432,"{""0"": 222, ""1"": 229, ""2"": 284, ""3"": 289}",1.379106,3,0.282227,0.0003085488569922745,0.17236328125,0.0214592,-0.9359315112233162,0.9295910596847534,5.3648000000000005e-05,0.0002321787178516388,-0.0021863512811250985,0.032837878447026014,,
787456,"{""0"": 189, ""1"": 222, ""2"": 312, ""3"": 301}",1.365318,2,0.304688,0.00026157411048188806,0.125732421875,0.0213568,-0.966397900134325,0.8667534589767456,5.339199999999999e-05,0.003827081061899662,-0.0018379739485681057,0.043346294201910496,,
788480,"{""0"": 187, ""1"": 215, ""2"": 368, ""3"": 254}",1.351822,2,0.359375,0.0002555890241637826,0.135009765625,0.021254399999999996,-0.9383007325232029,0.9254060387611389,5.313599999999999e-05,0.0038472674787044525,-0.0010094661847688258,0.030782951856963336,,
789504,"{""0"": 196, ""1"": 244, ""2"": 322, ""3"": 262}",1.370797,2,0.314453,0.0002470912295393646,0.12255859375,0.021152000000000004,-0.901663526892662,0.8975377678871155,5.288000000000001e-05,0.007461121305823326,-0.0008725814986974001,0.048275790410116315,,
790528,"{""0"": 178, ""1"": 203, ""2"": 380, ""3"": 263}",1.341941,2,0.371094,0.0002561449655331671,0.134521484375,0.0210496,-0.9150338545441628,0.8950860500335693,5.2624e-05,0.010734104551374912,-0.001683500042418018,0.04961098497733474,,
791552,"{""0"": 201, ""1"": 252, ""2"": 259, ""3"": 312}",1.374425,3,0.304688,0.00017860980005934834,0.118896484375,0.0209472,-0.8571711033582687,0.9190016984939575,5.2368e-05,0.005410987883806229,-0.0017833797901403159,0.041479459730908275,,
792576,"{""0"": 152, ""1"": 232, ""2"": 380, ""3"": 260}",1.335461,2,0.371094,0.0002572924713604152,0.154052734375,0.020844799999999997,-0.9430069699883461,0.8817741870880127,5.211199999999999e-05,0.006827089935541153,-0.0015989404055289924,0.04026418458670378,,
793600,"{""0"": 238, ""1"": 238, ""2"": 304, ""3"": 244}",1.380606,2,0.296875,0.0003332215710543096,0.15625,0.020742400000000008,-0.878749392926693,0.9034519791603088,5.185600000000001e-05,0.009157974272966385,-0.0013870098046027124,0.04924362222664058,,
794624,"{""0"": 233, ""1"": 233, ""2"": 259, ""3"": 299}",1.380852,3,0.291992,0.00018866051686927676,0.123779296875,0.020640000000000006,-0.9709226191043854,0.9318908452987671,5.160000000000001e-05,-0.004010988399386406,-0.000993297842796892,0.026920747361145914,,
795648,"{""0"": 189, ""1"": 221, ""2"": 310, ""3"": 304}",1.365068,2,0.302734,0.0002522238064557314,0.1591796875,0.020537600000000003,-0.931983157992363,0.8921480774879456,5.1344e-05,0.008998182602226734,-0.0012062585446983576,0.03980443871114403,,
796672,"{""0"": 182, ""1"": 236, ""2"": 330, ""3"": 276}",1.363577,2,0.322266,0.00030252226861193776,0.184814453125,0.0204352,-0.9477688558399677,0.9135372042655945,5.1087999999999996e-05,0.003475717268884182,-0.0020672744722105563,0.035211735987104475,,
797696,"{""0"": 171, ""1"": 212, ""2"": 337, ""3"": 304}",1.351232,2,0.329102,0.00021311850287020206,0.14453125,0.020332799999999998,-0.9109900332987309,0.9385108947753906,5.083199999999999e-05,-0.0002880711108446121,-0.001804629573598504,0.029998319107107818,,
798720,"{""0"": 190, ""1"": 271, ""2"": 274, ""3"": 289}",1.374144,3,0.282227,0.00023948209127411246,0.131103515625,0.020230400000000006,-0.8544875010848045,0.9305039048194885,5.057600000000001e-05,0.002421695739030838,-0.0015350605826824903,0.03435953997541219,,
799744,"{""0"": 186, ""1"": 228, ""2"": 306, ""3"": 304}",1.365775,2,0.298828,0.0002024953137151897,0.134033203125,0.020128000000000004,-0.9601124189794064,0.9313340783119202,5.0320000000000006e-05,-0.00013618730008602142,-0.0015383611898869276,0.02659460890572518,,
800768,"{""0"": 205, ""1"": 247, ""2"": 316, ""3"": 256}",1.374425,2,0.308594,0.00019978353520855308,0.107666015625,0.0200256,-0.8998353220522404,0.888705849647522,5.0064e-05,0.011582131497561932,-0.001625081175006926,0.05157746002078056,,
801792,"{""0"": 177, ""1"": 235, ""2"": 299, ""3"": 313}",1.362941,3,0.305664,0.00032539822859689593,0.17626953125,0.0199232,-0.9135270416736603,0.9456592202186584,4.9807999999999995e-05,-0.00138021819293499,-0.0006821349379606545,0.026307893102057278,,
802816,"{""0"": 213, ""1"": 234, ""2"": 311, ""3"": 266}",1.376017,2,0.303711,0.00021596008446067572,0.1865234375,0.019820800000000006,-0.911177147179842,0.8995879888534546,4.9552000000000016e-05,0.003244524821639061,-0.0010346685303375125,0.0403293096460402,,
803840,"{""0"": 211, ""1"": 263, ""2"": 265, ""3"": 285}",1.380391,3,0.27832,0.0003134535509161651,0.150390625,0.019718400000000004,-0.9077157899737358,0.924860954284668,4.929600000000001e-05,0.018472734838724136,-0.001625784207135439,0.04090309713501483,,
804864,"{""0"": 195, ""1"": 282, ""2"": 278, ""3"": 269}",1.376092,1,0.275391,0.00012624188093468547,0.083251953125,0.019616,-0.915691863745451,0.9338414669036865,4.904e-05,0.0073223114013671875,-0.0006126383377704769,0.036258835811167955,,
805888,"{""0"": 179, ""1"": 213, ""2"": 350, ""3"": 282}",1.35355,2,0.341797,0.00030344451079145074,0.1376953125,0.0195136,-0.9440076015889645,0.9670997262001038,4.878399999999999e-05,-0.0068489196710288525,-0.0011058367672376335,0.01165256358217448,,
806912,"{""0"": 220, ""1"": 262, ""2"": 239, ""3"": 303}",1.379089,3,0.295898,0.00020309176761657,0.141357421875,0.019411199999999997,-0.8568930923938751,0.9253317713737488,4.852799999999999e-05,0.008014645427465439,-0.0011872416362166405,0.04246028221677989,,
807936,"{""0"": 194, ""1"": 231, ""2"": 315, ""3"": 284}",1.369429,2,0.307617,0.0003154234727844596,0.172607421875,0.019308800000000004,-0.9710250049829483,0.8684687614440918,4.827200000000001e-05,0.00489515345543623,-0.0018964025657624006,0.04981253482401371,,
808960,"{""0"": 203, ""1"": 283, ""2"": 268, ""3"": 270}",1.378541,1,0.276367,0.00027434201911091805,0.19921875,0.019206400000000002,-0.9242044612765312,0.925271213054657,4.8016e-05,0.0036074984818696976,-0.0017442484386265278,0.03448499785736203,,
809984,"{""0"": 200, ""1"": 256, ""2"": 280, ""3"": 288}",1.376879,3,0.28125,0.00025363476015627384,0.1650390625,0.019104,-0.9552103169262409,0.8423367738723755,4.776e-05,0.01943696290254593,-0.0020989860058762133,0.07825886318460107,,
811008,"{""0"": 171, ""1"": 236, ""2"": 322, ""3"": 295}",1.359448,2,0.314453,0.00022525439271703362,0.12060546875,0.019001599999999997,-0.944209773093462,0.9308942556381226,4.750399999999999e-05,0.0002466300502419472,-0.0015759122907184064,0.02820761490147561,,
812032,"{""0"": 205, ""1"": 238, ""2"": 340, ""3"": 241}",1.367707,2,0.332031,0.00022579164942726493,0.1611328125,0.018899200000000005,-0.9032898768782616,0.8834543228149414,4.724800000000001e-05,0.005048374645411968,-0.0016502740909345448,0.04557407088577747,,
813056,"{""0"": 131, ""1"": 208, ""2"": 358, ""3"": 327}",1.31877,2,0.349609,0.0002425691345706582,0.162841796875,0.018796800000000002,-0.9827883206307888,0.9350656867027283,4.699200000000001e-05,0.0026485854759812355,-0.0011009948793798685,0.03335748368408531,,
814080,"{""0"": 219, ""1"": 254, ""2"": 304, ""3"": 247}",1.37924,2,0.296875,0.00017593865050002933,0.13623046875,0.0186944,-0.7970167435705662,0.9499615430831909,4.6736e-05,0.0023712459951639175,-0.0010812404798343778,0.02479714958462864,,
815104,"{""0"": 197, ""1"": 242, ""2"": 316, ""3"": 269}",1.371993,2,0.308594,0.00020699750166386366,0.14697265625,0.018591999999999997,-0.9812550097703934,0.8882977366447449,4.6479999999999995e-05,0.00813088845461607,-0.001074163825251162,0.04703904455527663,,
816128,"{""0"": 210, ""1"": 244, ""2"": 318, ""3"": 252}",1.37488,2,0.310547,0.00021096563432365656,0.1298828125,0.018489599999999995,-0.9199836812913418,0.9313495755195618,4.622399999999999e-05,-0.0005044750869274139,-0.0009769885218702257,0.03049592673778534,,
817152,"{""0"": 205, ""1"": 276, ""2"": 299, ""3"": 244}",1.376599,2,0.291992,0.0002407114952802658,0.1552734375,0.018387200000000003,-0.9320386573672295,0.917054295539856,4.596800000000001e-05,0.0031354716047644615,-0.0013630472822114825,0.037447873619385064,,
818176,"{""0"": 222, ""1"": 294, ""2"": 243, ""3"": 265}",1.380877,1,0.287109,0.00020961277186870575,0.165283203125,0.0182848,-0.9475446976721287,0.9144914150238037,4.5712000000000006e-05,0.0034661320969462395,-0.0013880319602321833,0.039124460774473846,,
819200,"{""0"": 195, ""1"": 288, ""2"": 292, ""3"": 249}",1.37422,2,0.285156,0.00034531322307884693,0.20947265625,0.018182399999999998,-0.9598034583032131,0.8337869644165039,4.5456e-05,0.016639012843370438,-0.0015686576662119478,0.06445693247951567,,
820224,"{""0"": 173, ""1"": 263, ""2"": 305, ""3"": 283}",1.365698,2,0.297852,0.00016265397425740957,0.16259765625,0.018079999999999995,-0.9555615298449993,0.896050214767456,4.5199999999999994e-05,0.015551550313830376,-0.0011610862566158175,0.04806399461813271,,
821248,"{""0"": 207, ""1"": 252, ""2"": 291, ""3"": 274}",1.37852,2,0.28418,0.000158097711391747,0.123291015625,0.017977600000000007,-0.9298653565347195,0.9035608768463135,4.4944000000000016e-05,0.01151860412210226,-0.00154593147453852,0.04327156126964837,,
822272,"{""0"": 203, ""1"": 242, ""2"": 290, ""3"": 289}",1.376036,2,0.283203,0.00015742669347673655,0.12841796875,0.017875200000000004,-0.985263291746378,0.9146046042442322,4.4688e-05,0.003765024244785309,-0.0008900685352273285,0.037416765466332436,,
823296,"{""0"": 244, ""1"": 290, ""2"": 259, ""3"": 231}",1.382652,1,0.283203,0.00012801855336874723,0.117431640625,0.017772800000000002,-0.961232490837574,0.9118742346763611,4.4432e-05,0.004520794376730919,-0.001119625783758238,0.037659017951227725,,
824320,"{""0"": 160, ""1"": 226, ""2"": 350, ""3"": 288}",1.347216,2,0.341797,0.00016412441618740559,0.105712890625,0.0176704,-1.0098112896084785,0.9303138256072998,4.417599999999999e-05,0.003533467650413513,-0.0013237716630101204,0.026560531638097018,,
825344,"{""0"": 187, ""1"": 248, ""2"": 321, ""3"": 268}",1.36842,2,0.313477,0.00013030722038820386,0.141845703125,0.017567999999999997,-0.8647016137838364,0.9189702272415161,4.3919999999999986e-05,0.008952375501394272,-0.0007196474180091172,0.03620832762680948,,
826368,"{""0"": 185, ""1"": 228, ""2"": 327, ""3"": 284}",1.363813,2,0.319336,0.00036806357093155384,0.171630859375,0.017465600000000005,-0.8958787657320499,0.9698357582092285,4.366400000000001e-05,-0.003799647092819214,-0.0009034113027155399,0.014531735389027745,,
827392,"{""0"": 189, ""1"": 239, ""2"": 296, ""3"": 300}",1.369903,3,0.292969,0.0002275026054121554,0.14990234375,0.017363200000000002,-0.9013642109930515,0.9117254018783569,4.3408e-05,0.006642182357609272,-0.0006640415522269905,0.04574297135695815,,
828416,"{""0"": 174, ""1"": 233, ""2"": 300, ""3"": 317}",1.360696,3,0.30957,0.0003912464017048478,0.193603515625,0.0172608,-0.9190807528793812,0.9090873599052429,4.3151999999999996e-05,0.003718721680343151,-0.0004871371202170849,0.03613139840308577,,
829440,"{""0"": 192, ""1"": 225, ""2"": 295, ""3"": 312}",1.367471,3,0.304688,0.00019819149747490883,0.185546875,0.017158399999999997,-0.9265115074813366,0.902334451675415,4.289599999999999e-05,0.0015235859900712967,-0.0010867283563129604,0.027130168047733605,,
830464,"{""0"": 187, ""1"": 239, ""2"": 277, ""3"": 321}",1.367431,3,0.313477,0.00015151716070249677,0.15673828125,0.017056000000000005,-0.8718175627291203,0.9108984470367432,4.264000000000001e-05,0.009261117316782475,-0.0009838634869083762,0.03782682423479855,,
831488,"{""0"": 202, ""1"": 287, ""2"": 289, ""3"": 246}",1.376345,2,0.282227,0.00023342150961980224,0.1513671875,0.016953600000000003,-0.9269848018884659,0.9382885694503784,4.2384000000000006e-05,-0.0016695652157068253,-0.0012775010836776346,0.028201013919897377,,
832512,"{""0"": 163, ""1"": 256, ""2"": 332, ""3"": 273}",1.356728,2,0.324219,0.00022515631280839443,0.149169921875,0.0168512,-0.9744413159787655,0.8815327286720276,4.2128e-05,0.0051412759348750114,-0.0009175682789646089,0.05182267655618489,,
833536,"{""0"": 171, ""1"": 181, ""2"": 363, ""3"": 309}",1.334379,2,0.354492,0.00023030221927911043,0.198974609375,0.016748799999999998,-0.8615327700972557,0.9382196068763733,4.1871999999999995e-05,0.0024379510432481766,-0.0013072655419819057,0.027350225835107267,,
834560,"{""0"": 212, ""1"": 238, ""2"": 288, ""3"": 286}",1.378207,2,0.28125,0.00014884345000609756,0.16748046875,0.016646399999999995,-0.8255825899541378,0.9081070423126221,4.161599999999999e-05,0.005589165724813938,-0.0009331797482445836,0.034583216765895486,,
835584,"{""0"": 208, ""1"": 241, ""2"": 317, ""3"": 258}",1.374558,2,0.30957,0.00018628017278388143,0.152099609375,0.016544000000000003,-0.946546632796526,0.9253753423690796,4.136000000000001e-05,0.005515103228390217,-0.001504077372374013,0.029275834560394287,,
836608,"{""0"": 180, ""1"": 254, ""2"": 362, ""3"": 228}",1.353463,2,0.353516,0.0001397568266838789,0.1669921875,0.0164416,-0.9823801890015602,0.9312024116516113,4.1104000000000005e-05,0.003985204733908176,-0.0010346315684728324,0.03409712144639343,,
837632,"{""0"": 181, ""1"": 259, ""2"": 303, ""3"": 281}",1.369182,2,0.295898,0.00014759815530851483,0.115478515625,0.016339199999999998,-0.9086274430155754,0.8943603038787842,4.0848e-05,0.01341552659869194,-0.00101203125086613,0.05641977791674435,,
838656,"{""0"": 188, ""1"": 321, ""2"": 269, ""3"": 246}",1.368608,1,0.313477,0.0001901457435451448,0.1630859375,0.016236799999999996,-0.9123788252472878,0.9280849695205688,4.059199999999999e-05,0.0003520343452692032,-0.0012138532183598727,0.03459230833686888,,
839680,"{""0"": 183, ""1"": 212, ""2"": 371, ""3"": 258}",1.348946,2,0.362305,0.00015531422104686499,0.090087890625,0.016134400000000004,-1.0000329241156578,0.9523302316665649,4.033600000000001e-05,-0.0038817375898361206,-0.0005425981362350285,0.019926504988688976,,
840704,"{""0"": 212, ""1"": 293, ""2"": 230, ""3"": 289}",1.376548,1,0.286133,0.00011585152242332697,0.114990234375,0.016032,-0.8618974722921848,0.9249035120010376,4.008e-05,0.005281345918774605,-0.0007929080747999251,0.03802121919579804,,
841728,"{""0"": 150, ""1"": 238, ""2"": 344, ""3"": 292}",1.344764,2,0.335938,0.00017197354463860393,0.15087890625,0.0159296,-0.98218097910285,0.9418852925300598,3.9824e-05,-0.004240015521645546,-0.0016985885449685156,0.020649288431741297,,
842752,"{""0"": 184, ""1"": 208, ""2"": 348, ""3"": 284}",1.354683,2,0.339844,0.00016249023610726,0.157958984375,0.015827199999999996,-0.877110444009304,0.9011932015419006,3.956799999999999e-05,0.0031616967171430588,-0.00033084762981161475,0.04028867406304926,,
843776,"{""0"": 205, ""1"": 228, ""2"": 313, ""3"": 278}",1.372733,2,0.305664,0.00012130965478718281,0.163330078125,0.015724800000000008,-0.89005072042346,0.9484492540359497,3.931200000000001e-05,-0.0009514084085822105,-0.00046998795005492866,0.021596176316961646,,
844800,"{""0"": 181, ""1"": 240, ""2"": 302, ""3"": 301}",1.366364,2,0.294922,0.00023741816403344274,0.1845703125,0.015622400000000003,-0.9293294176459312,0.9141117930412292,3.905600000000001e-05,0.003912785090506077,-0.001275970891583711,0.035127854673191905,,
845824,"{""0"": 185, ""1"": 216, ""2"": 333, ""3"": 290}",1.359985,2,0.325195,0.00013339356519281864,0.14404296875,0.01552,-0.8505122847855091,0.961605966091156,3.88e-05,-0.004069458693265915,-0.0006867782503832132,0.01773274503648281,,
846848,"{""0"": 185, ""1"": 204, ""2"": 402, ""3"": 233}",1.334472,2,0.392578,0.00015351874753832817,0.220458984375,0.015417599999999998,-0.87382423132658,0.9065278172492981,3.8543999999999996e-05,0.008107869885861874,-0.0012715370685327798,0.034476666362024844,,
847872,"{""0"": 235, ""1"": 254, ""2"": 261, ""3"": 274}",1.38477,3,0.267578,0.00022071204148232937,0.18505859375,0.015315199999999996,-0.8798882216215134,0.9591134786605835,3.828799999999999e-05,0.0023431051522493362,-0.0006762240082025528,0.023410257301293314,,
848896,"{""0"": 180, ""1"": 271, ""2"": 282, ""3"": 291}",1.370084,3,0.28418,0.00021088862558826804,0.17919921875,0.015212800000000005,-0.9228157065808773,0.9223564267158508,3.803200000000001e-05,0.003734980709850788,-0.000716217327862978,0.03165976470336318,,
849920,"{""0"": 173, ""1"": 226, ""2"": 315, ""3"": 310}",1.35827,2,0.307617,0.00012520013842731714,0.15234375,0.015110400000000003,-0.9108278937637806,0.8930214047431946,3.7776000000000006e-05,0.013093649409711361,-0.001224845735123381,0.04797747149132192,,
850944,"{""0"": 184, ""1"": 229, ""2"": 328, ""3"": 283}",1.363464,2,0.320312,0.00023999752011150122,0.179443359375,0.015008,-0.888738140463829,0.8897604942321777,3.752e-05,0.012727301567792892,-0.00038830452831462026,0.046848578145727515,,
851968,"{""0"": 188, ""1"": 250, ""2"": 304, ""3"": 282}",1.37111,2,0.296875,0.00013403571210801601,0.11083984375,0.014905599999999998,-0.8945993930101395,0.9094778299331665,3.7263999999999994e-05,0.01715928688645363,-0.0007784001063555479,0.054146839305758476,,
852992,"{""0"": 201, ""1"": 225, ""2"": 286, ""3"": 312}",1.370908,3,0.304688,0.00013922643847763538,0.135009765625,0.014803200000000006,-0.9167233631014824,0.8578833937644958,3.7008000000000016e-05,0.014772338792681694,-0.0008998816192615777,0.05045383516699076,,
854016,"{""0"": 206, ""1"": 240, ""2"": 285, ""3"": 293}",1.376642,3,0.286133,0.00015351182082667947,0.129638671875,0.014700800000000003,-0.9151322543621063,0.8973191380500793,3.675200000000001e-05,0.0073904357850551605,7.394293788820505e-06,0.04535088478587568,,
855040,"{""0"": 160, ""1"": 184, ""2"": 378, ""3"": 302}",1.326477,2,0.369141,0.00017482583643868566,0.160888671875,0.014598400000000001,-0.9201478958129883,0.9507737755775452,3.6496000000000004e-05,-0.0021951301023364067,-0.0011431419989094138,0.02466828189790249,,
856064,"{""0"": 202, ""1"": 242, ""2"": 308, ""3"": 272}",1.374595,2,0.300781,0.00014127336908131838,0.142333984375,0.014495999999999998,-0.8037344329059124,0.9523946046829224,3.623999999999999e-05,-0.002041541039943695,-0.0007586561259813607,0.023271152516826987,,
857088,"{""0"": 195, ""1"": 219, ""2"": 329, ""3"": 281}",1.365337,2,0.321289,0.00014519813703373075,0.2568359375,0.014393599999999996,-0.9640482775866985,0.90958571434021,3.5983999999999986e-05,0.0025646639987826347,-0.000358594668796286,0.03839613380841911,,
858112,"{""0"": 187, ""1"": 214, ""2"": 329, ""3"": 294}",1.360757,2,0.321289,9.601813508197665e-05,0.185302734375,0.014291200000000004,-0.8839063681662083,0.9271250367164612,3.572800000000001e-05,0.007517185993492603,-0.0007279437559191138,0.03633795806672424,,
859136,"{""0"": 192, ""1"": 216, ""2"": 359, ""3"": 257}",1.356545,2,0.350586,9.413814404979348e-05,0.0947265625,0.014188800000000001,-0.8551106229424477,0.9645577669143677,3.5472e-05,-0.002049625851213932,-0.0008605037583038211,0.017713470209855586,,
860160,"{""0"": 220, ""1"": 245, ""2"": 300, ""3"": 259}",1.379949,2,0.292969,0.00012399989645928144,0.135498046875,0.014086399999999999,-0.8932661414146423,0.9322548508644104,3.5215999999999996e-05,0.0022175097838044167,-0.0008236189023591578,0.032363328617066145,,
861184,"{""0"": 186, ""1"": 250, ""2"": 355, ""3"": 233}",1.358183,2,0.34668,0.000140635936986655,0.177001953125,0.013983999999999996,-0.9460961744189262,0.9310246706008911,3.495999999999999e-05,0.006492294371128082,-0.0006515291461255401,0.03840020718052983,,
862208,"{""0"": 200, ""1"": 260, ""2"": 290, ""3"": 274}",1.377074,2,0.283203,0.00012004992458969355,0.10498046875,0.013881600000000006,-0.894137978553772,0.9393001794815063,3.470400000000001e-05,0.006286743097007275,-0.0006510504172183573,0.03438193874899298,,
863232,"{""0"": 174, ""1"": 152, ""2"": 408, ""3"": 290}",1.308261,2,0.398438,0.00010669539915397763,0.166015625,0.013779200000000004,-0.8992828242480755,0.942262589931488,3.4448000000000006e-05,-0.0007860735058784485,-7.686205208301544e-06,0.02719439333304763,,
864256,"{""0"": 222, ""1"": 211, ""2"": 313, ""3"": 278}",1.373194,2,0.305664,0.00016005017096176744,0.154541015625,0.013676800000000001,-0.7899990640580654,0.898752748966217,3.4192e-05,0.014723335392773151,-0.0004903554217889905,0.047340987948700786,,
865280,"{""0"": 193, ""1"": 225, ""2"": 323, ""3"": 283}",1.366858,2,0.31543,0.0001400745240971446,0.207763671875,0.013574399999999999,-0.9139085747301579,0.8649547100067139,3.3935999999999995e-05,0.01881810650229454,-0.0008058586390689015,0.0695210313424468,,
866304,"{""0"": 195, ""1"": 252, ""2"": 303, ""3"": 274}",1.373943,2,0.295898,0.00010840070899575949,0.174560546875,0.013471999999999996,-0.9007753543555737,0.9426284432411194,3.367999999999999e-05,0.0006465055048465729,-0.0010038536856882274,0.025149533757939935,,
867328,"{""0"": 208, ""1"": 212, ""2"": 332, ""3"": 272}",1.367129,2,0.324219,0.00011812086449936032,0.1533203125,0.013369600000000004,-0.9142700470983982,0.9246153831481934,3.342400000000001e-05,0.0023829005658626556,-0.0010057715117000043,0.031785641447640955,,
868352,"{""0"": 247, ""1"": 276, ""2"": 266, ""3"": 235}",1.384341,1,0.269531,8.272600825875998e-05,0.13037109375,0.013267200000000002,-0.9050454907119274,0.9097501635551453,3.3168000000000005e-05,0.010333101265132427,-0.001016471505863592,0.04579740320332348,,
869376,"{""0"": 220, ""1"": 285, ""2"": 272, ""3"": 247}",1.381516,1,0.27832,8.754117880016565e-05,0.135498046875,0.013164799999999999,-1.0043832547962666,0.906519889831543,3.2912e-05,0.001391158439218998,-0.0011784994858317077,0.03686037543229759,,
870400,"{""0"": 203, ""1"": 232, ""2"": 302, ""3"": 287}",1.373811,2,0.294922,0.00010928447591140866,0.138427734375,0.013062399999999997,-0.9814339391887188,0.9545381665229797,3.2655999999999994e-05,-0.0014497237280011177,-0.0007784824119880795,0.018458490259945393,,
871424,"{""0"": 196, ""1"": 254, ""2"": 271, ""3"": 303}",1.374413,3,0.295898,0.00016373442485928535,0.12744140625,0.012960000000000006,-0.8745170868933201,0.9400489926338196,3.2400000000000015e-05,0.001654728315770626,-0.0008078766404651105,0.02767628652509302,,
872448,"{""0"": 188, ""1"": 229, ""2"": 332, ""3"": 275}",1.364391,2,0.324219,6.808975012972951e-05,0.141357421875,0.012857600000000004,-0.9055169001221657,0.9414653182029724,3.214400000000001e-05,0.009891767054796219,-0.0009480563167016953,0.03151352156419307,,
873472,"{""0"": 227, ""1"": 240, ""2"": 306, ""3"": 251}",1.379594,2,0.298828,0.00014760508202016354,0.146240234375,0.012755200000000001,-0.8967207595705986,0.9224993586540222,3.1888000000000004e-05,0.004650069400668144,-0.001081756898202002,0.03569985588546842,,
874496,"{""0"": 199, ""1"": 230, ""2"": 283, ""3"": 312}",1.371311,3,0.304688,8.470582542940974e-05,0.13818359375,0.012652799999999999,-0.9311954081058502,0.9833230376243591,3.163199999999999e-05,-0.005812350660562515,-0.0007361882308032364,0.009816806355956942,,
875520,"{""0"": 217, ""1"": 245, ""2"": 280, ""3"": 282}",1.380686,3,0.275391,9.693950414657593e-05,0.134765625,0.012550399999999996,-0.8898851536214352,0.9271945357322693,3.1375999999999986e-05,-0.0011412892490625381,-0.0005987264448776841,0.02460527326911688,,
876544,"{""0"": 177, ""1"": 223, ""2"": 330, ""3"": 294}",1.358571,2,0.322266,0.00013356434646993876,0.17333984375,0.012448000000000004,-0.934000663459301,0.9565780162811279,3.112000000000001e-05,-0.00040796399116516113,-0.0008626184426248074,0.022378510213457048,,
877568,"{""0"": 209, ""1"": 230, ""2"": 313, ""3"": 272}",1.3742,2,0.305664,9.175523882731795e-05,0.156982421875,0.012345600000000002,-0.8648739717900753,0.923445999622345,3.0864e-05,0.0037222513929009438,-0.00026545251603238285,0.03400076343677938,,
878592,"{""0"": 147, ""1"": 196, ""2"": 363, ""3"": 318}",1.325901,2,0.354492,5.586963379755616e-05,0.1328125,0.0122432,-0.9285178370773792,0.9670930504798889,3.0607999999999996e-05,-0.004238792695105076,-0.0009113521664403379,0.014357914449647069,,
879616,"{""0"": 199, ""1"": 206, ""2"": 339, ""3"": 280}",1.361486,2,0.331055,7.020891644060612e-05,0.1201171875,0.012140799999999997,-0.8240656182169914,0.9368392825126648,3.035199999999999e-05,0.0009058425202965736,-0.000954014016315341,0.02552937832660973,,
880640,"{""0"": 203, ""1"": 253, ""2"": 280, ""3"": 288}",1.377564,3,0.28125,0.00014348875265568495,0.17138671875,0.012038400000000005,-0.8684928007423878,0.9255975484848022,3.009600000000001e-05,0.011072305031120777,-0.0009598121687304229,0.03958514425903559,,
881664,"{""0"": 165, ""1"": 216, ""2"": 338, ""3"": 305}",1.349025,2,0.330078,6.301578832790256e-05,0.102294921875,0.011936000000000002,-0.9177103638648987,0.9680501222610474,2.9840000000000006e-05,-0.006661020219326019,-0.0004550380981527269,0.01259433338418603,,
882688,"{""0"": 171, ""1"": 218, ""2"": 334, ""3"": 301}",1.353537,2,0.326172,0.0001075908076018095,0.1494140625,0.0118336,-0.8579751998186111,0.9302901029586792,2.9584e-05,0.005041858181357384,-0.0007272838847711682,0.03508360777050257,,
883712,"{""0"": 167, ""1"": 191, ""2"": 332, ""3"": 334}",1.339563,3,0.326172,0.0001021103817038238,0.12939453125,0.011731199999999997,-0.8711286075413227,0.8817589282989502,2.9327999999999994e-05,0.009731327183544636,-0.0007603888225276023,0.03809425234794617,,
884736,"{""0"": 158, ""1"": 196, ""2"": 400, ""3"": 270}",1.323503,2,0.390625,0.00011896720388904214,0.169677734375,0.011628799999999995,-0.8072408847510815,0.9287801384925842,2.907199999999999e-05,0.004675137810409069,-8.158356649801135e-05,0.030593376606702805,,
885760,"{""0"": 214, ""1"": 227, ""2"": 298, ""3"": 285}",1.37632,2,0.291016,5.972577491775155e-05,0.122314453125,0.011526400000000004,-0.7964978963136673,0.9233471155166626,2.881600000000001e-05,0.01043468527495861,-8.505591540597379e-05,0.04029469797387719,,
886784,"{""0"": 176, ""1"": 197, ""2"": 355, ""3"": 296}",1.345784,2,0.34668,5.824398249387741e-05,0.1240234375,0.011424000000000002,-0.9329256378114223,0.9066587686538696,2.856e-05,0.00403700303286314,-0.00098890601657331,0.02986400341615081,,
887808,"{""0"": 223, ""1"": 250, ""2"": 315, ""3"": 236}",1.377088,2,0.307617,0.00013183284318074584,0.208740234375,0.0113216,-0.8338754810392857,0.9217740297317505,2.8303999999999995e-05,0.006391098722815514,-0.0008365075336769223,0.03669449861627072,,
888832,"{""0"": 171, ""1"": 224, ""2"": 328, ""3"": 301}",1.355904,2,0.320312,8.572702063247561e-05,0.22314453125,0.011219199999999997,-0.9778529368340969,0.9339674711227417,2.804799999999999e-05,0.001686052419245243,-0.0005897548981010914,0.03250362037215382,,
889856,"{""0"": 198, ""1"": 247, ""2"": 305, ""3"": 274}",1.374257,2,0.297852,3.350886981934309e-05,0.116943359375,0.011116800000000005,-0.8200818747282028,0.9416954517364502,2.779200000000001e-05,0.0032263705506920815,-0.0002732370048761368,0.02878616936504841,,
890880,"{""0"": 204, ""1"": 216, ""2"": 312, ""3"": 292}",1.369572,2,0.304688,9.737815707921982e-05,0.134765625,0.011014400000000002,-0.947650745511055,0.9306875467300415,2.7536000000000005e-05,0.006437699310481548,-0.0008427348948316649,0.03294641000684351,,
891904,"{""0"": 177, ""1"": 217, ""2"": 323, ""3"": 307}",1.357311,2,0.31543,8.440564852207899e-05,0.099853515625,0.010912,-0.8775741644203663,0.9515144228935242,2.728e-05,0.006435834802687168,-0.0006387259636539966,0.02894562599249184,,
892928,"{""0"": 210, ""1"": 196, ""2"": 348, ""3"": 270}",1.359652,2,0.339844,9.10163507796824e-05,0.15234375,0.010809599999999997,-0.8132685869932175,0.9253243803977966,2.7023999999999994e-05,0.002909589558839798,-0.0006047565839253366,0.03217432519886643,,
893952,"{""0"": 210, ""1"": 266, ""2"": 247, ""3"": 301}",1.377994,3,0.293945,4.8488902393728495e-05,0.177978515625,0.010707199999999995,-0.9138156250119209,0.9232168793678284,2.676799999999999e-05,0.009654485620558262,-0.0006475482950918376,0.044265830190852284,,
894976,"{""0"": 196, ""1"": 227, ""2"": 355, ""3"": 246}",1.360293,2,0.34668,5.047960439696908e-05,0.127197265625,0.010604800000000005,-0.9223340004682541,0.9174002408981323,2.651200000000001e-05,0.010978767648339272,-0.000777140143327415,0.03985715436283499,,
896000,"{""0"": 238, ""1"": 224, ""2"": 291, ""3"": 271}",1.380964,2,0.28418,7.98337277956307e-05,0.154541015625,0.010502400000000002,-0.8838198706507683,0.9551018476486206,2.6256e-05,0.003084358759224415,-0.000525318318977952,0.02447794342879206,,
897024,"{""0"": 177, ""1"": 175, ""2"": 363, ""3"": 309}",1.334512,2,0.354492,5.070678889751434e-05,0.1337890625,0.0104,-0.9446639455854893,0.9176549911499023,2.5999999999999995e-05,0.009061239659786224,-0.0009983338240999728,0.044339522486552596,,
898048,"{""0"": 183, ""1"": 230, ""2"": 337, ""3"": 274}",1.361687,2,0.329102,5.457329098135233e-05,0.142333984375,0.010297599999999997,-0.8334095887839794,0.9181060194969177,2.574399999999999e-05,0.0008727256208658218,-0.0006747368315700442,0.03521103644743562,,
899072,"{""0"": 213, ""1"": 215, ""2"": 340, ""3"": 256}",1.36697,2,0.332031,5.84176741540432e-05,0.1279296875,0.010195200000000005,-0.8821348920464516,0.9406696557998657,2.548800000000001e-05,0.0052165379747748375,-0.0008243889315053821,0.031021797680296004,,
900096,"{""0"": 183, ""1"": 244, ""2"": 307, ""3"": 290}",1.367944,2,0.299805,4.965555854141712e-05,0.115234375,0.010092800000000002,-0.8793917335569859,0.9467355608940125,2.5232000000000005e-05,0.0022580353543162346,-0.0007187408045865595,0.027508043218404055,,
901120,"{""0"": 212, ""1"": 241, ""2"": 306, ""3"": 265}",1.377294,2,0.298828,5.2418268751353025e-05,0.12841796875,0.0099904,-0.8629486486315727,0.9217537045478821,2.4976e-05,0.010097354650497437,-0.0004992154717911035,0.03503710520453751,,
902144,"{""0"": 164, ""1"": 245, ""2"": 324, ""3"": 291}",1.357171,2,0.316406,8.190306834876537e-05,0.14990234375,0.009887999999999997,-0.915255106985569,0.9463745355606079,2.4719999999999994e-05,-4.934147000312805e-06,-0.0006944063061382622,0.028892487287521362,,
903168,"{""0"": 274, ""1"": 259, ""2"": 260, ""3"": 231}",1.38441,0,0.267578,7.542356615886092e-05,0.17041015625,0.009785600000000005,-0.8641314692795277,0.9607514142990112,2.4464000000000015e-05,-9.621214121580124e-05,-0.00018880091374740005,0.018726072390563786,,
904192,"{""0"": 158, ""1"": 190, ""2"": 389, ""3"": 287}",1.325096,2,0.379883,7.992476457729936e-05,0.10107421875,0.009683200000000003,-0.9819276295602322,0.9531312584877014,2.420800000000001e-05,-0.00345018832013011,-0.00026407165569253266,0.01682841096771881,,
905216,"{""0"": 214, ""1"": 232, ""2"": 280, ""3"": 298}",1.377334,3,0.291016,6.81147794239223e-05,0.140869140625,0.0095808,-0.8056928925216198,0.9507272243499756,2.3952e-05,0.004897564649581909,-0.00026322854682803154,0.02650439878925681,,
906240,"{""0"": 198, ""1"": 247, ""2"": 318, ""3"": 261}",1.372323,2,0.310547,8.537649409845471e-05,0.203125,0.009478399999999998,-0.9007355645298958,0.8856174349784851,2.3695999999999995e-05,0.01598271355032921,-0.0004974644398316741,0.06625543953850865,,
907264,"{""0"": 185, ""1"": 229, ""2"": 314, ""3"": 296}",1.365316,2,0.306641,7.253291551023722e-05,0.164306640625,0.009375999999999995,-0.939782939851284,0.923680305480957,2.343999999999999e-05,0.003711644560098648,-0.0005535361706279218,0.03178432607091963,,
908288,"{""0"": 208, ""1"": 243, ""2"": 310, ""3"": 263}",1.375968,2,0.302734,7.156154606491327e-05,0.154541015625,0.009273600000000005,-0.8844693079590797,0.9690812826156616,2.318400000000001e-05,-0.004682584665715694,-0.0005244474159553647,0.012922086694743484,,
909312,"{""0"": 200, ""1"": 227, ""2"": 374, ""3"": 223}",1.352763,2,0.365234,8.513289503753185e-05,0.1572265625,0.009171200000000003,-0.9188786745071411,0.9596850275993347,2.2928000000000005e-05,-0.0038313614204525948,-0.00022985073155723512,0.019575657206587493,,
910336,"{""0"": 225, ""1"": 268, ""2"": 265, ""3"": 266}",1.383771,1,0.261719,7.835181895643473e-05,0.180419921875,0.0090688,-0.8921814374625683,0.9620786309242249,2.2672e-05,0.0015913750976324081,-0.00045071111526340246,0.026598027092404664,,
911360,"{""0"": 185, ""1"": 211, ""2"": 331, ""3"": 297}",1.358671,2,0.323242,5.987839540466666e-05,0.19775390625,0.008966399999999998,-0.957684725522995,0.9644191861152649,2.2415999999999993e-05,-0.0026343585923314095,-0.0002726934617385268,0.01570344070205465,,
912384,"{""0"": 209, ""1"": 226, ""2"": 295, ""3"": 294}",1.374617,2,0.288086,6.633775774389505e-05,0.226318359375,0.008864000000000006,-0.8588304296135902,0.8994483351707458,2.2160000000000015e-05,0.008206211030483246,-0.0006053113029338419,0.04613695456646383,,
913408,"{""0"": 218, ""1"": 210, ""2"": 310, ""3"": 286}",1.37223,2,0.302734,4.3820764403790236e-05,0.122802734375,0.008761600000000003,-0.910706702619791,0.831682026386261,2.1904000000000006e-05,0.023778442293405533,-0.0006059508305042982,0.0682013095356524,,
914432,"{""0"": 161, ""1"": 267, ""2"": 322, ""3"": 274}",1.357933,2,0.314453,6.207689875736833e-05,0.18896484375,0.0086592,-0.8953953832387924,0.9020012021064758,2.1648e-05,0.015940699726343155,-0.0007805343775544316,0.04986176057718694,,
915456,"{""0"": 205, ""1"": 227, ""2"": 311, ""3"": 281}",1.372747,2,0.303711,3.899860894307494e-05,0.120849609375,0.008556799999999998,-0.9165136367082596,0.9273494482040405,2.1391999999999994e-05,0.004451110027730465,-0.0006926163914613426,0.035006020218133926,,
916480,"{""0"": 171, ""1"": 180, ""2"": 368, ""3"": 305}",1.333009,2,0.359375,5.8805220760405064e-05,0.137939453125,0.008454399999999996,-0.907143946737051,0.8489480018615723,2.113599999999999e-05,0.013148711994290352,-0.0005984363087918609,0.05999517231248319,,
917504,"{""0"": 212, ""1"": 254, ""2"": 275, ""3"": 283}",1.380346,3,0.276367,8.272507693618536e-05,0.198486328125,0.008352000000000004,-0.8705559372901917,0.8912981748580933,2.088000000000001e-05,0.013948584906756878,-0.000545624119695276,0.050782502396032214,,
918528,"{""0"": 185, ""1"": 239, ""2"": 309, ""3"": 291}",1.367819,2,0.301758,5.447963485494256e-05,0.179443359375,0.008249600000000001,-0.9495218396186829,0.8894020318984985,2.0624000000000004e-05,0.010896326042711735,-0.0007400272588711232,0.04580594296567142,,
919552,"{""0"": 240, ""1"": 233, ""2"": 267, ""3"": 284}",1.383084,3,0.277344,7.493200246244669e-05,0.20703125,0.008147199999999999,-0.8861682489514351,0.9004740118980408,2.0368e-05,0.007412277162075043,-0.0005328171537257731,0.038294723723083735,,
920576,"{""0"": 201, ""1"": 253, ""2"": 292, ""3"": 278}",1.376782,2,0.285156,2.82342080026865e-05,0.148681640625,0.008044799999999996,-0.9646391160786152,0.9470528364181519,2.011199999999999e-05,-0.003992508165538311,-0.0004023754736408591,0.019628782640211284,,
921600,"{""0"": 194, ""1"": 247, ""2"": 331, ""3"": 252}",1.368288,2,0.323242,3.318232484161854e-05,0.12646484375,0.007942400000000006,-0.9336830377578735,0.9564252495765686,1.9856000000000015e-05,-0.001890541985630989,-0.0007926393300294876,0.020846496568992734,,
922624,"{""0"": 210, ""1"": 258, ""2"": 288, ""3"": 268}",1.379838,2,0.28125,7.268978515639901e-05,0.176513671875,0.007840000000000003,-0.8906881809234619,0.8774354457855225,1.9600000000000005e-05,0.018472421914339066,-0.0004485281533561647,0.05740090715698898,,
923648,"{""0"": 215, ""1"": 252, ""2"": 281, ""3"": 276}",1.380972,2,0.274414,5.040859105065465e-05,0.1650390625,0.007737600000000001,-0.93991369754076,0.9574127197265625,1.9344e-05,-0.003300643526017666,-0.0005770610296167433,0.01714661263395101,,
924672,"{""0"": 194, ""1"": 239, ""2"": 361, ""3"": 230}",1.357758,2,0.352539,3.2768642995506525e-05,0.1328125,0.007635199999999998,-0.9622677899897099,0.938640296459198,1.9087999999999994e-05,-0.0014412282034754753,-0.0005796464392915368,0.024863960104994476,,
925696,"{""0"": 206, ""1"": 250, ""2"": 279, ""3"": 289}",1.378139,3,0.282227,4.542182432487607e-05,0.165283203125,0.007532799999999996,-0.8998823761940002,0.939598560333252,1.883199999999999e-05,0.007424579933285713,-0.0003470514784567058,0.03196907613892108,,
926720,"{""0"": 195, ""1"": 251, ""2"": 308, ""3"": 270}",1.3733,2,0.300781,5.7512486819177866e-05,0.159912109375,0.007430400000000004,-0.9230079762637615,0.8844614624977112,1.857600000000001e-05,0.006140740588307381,-0.0003692475729621947,0.044723762082867324,,
927744,"{""0"": 208, ""1"": 251, ""2"": 309, ""3"": 256}",1.376526,2,0.301758,2.1706335246562958e-05,0.14697265625,0.007328000000000001,-0.9243399873375893,0.9324124455451965,1.8320000000000004e-05,0.006566197611391544,-0.00029177250689826906,0.03388267115224153,,
928768,"{""0"": 197, ""1"": 245, ""2"": 292, ""3"": 290}",1.374365,2,0.285156,3.129930701106787e-05,0.16162109375,0.007225599999999999,-0.9467252306640148,0.8910765647888184,1.8064e-05,0.010941949672996998,-0.0006826175376772881,0.054615139961242676,,
929792,"{""0"": 211, ""1"": 239, ""2"": 303, ""3"": 271}",1.377222,2,0.295898,2.889643656089902e-05,0.15673828125,0.007123199999999996,-0.9141314402222633,0.8950760364532471,1.780799999999999e-05,0.009257322177290916,-0.0003129062242805958,0.03772839647717774,,
930816,"{""0"": 198, ""1"": 226, ""2"": 315, ""3"": 285}",1.369814,2,0.307617,3.370566992089152e-05,0.2099609375,0.007020800000000005,-0.9158206507563591,0.9376347064971924,1.755200000000001e-05,0.0007440727204084396,-0.00047687278129160404,0.025639105937443674,,
931840,"{""0"": 205, ""1"": 235, ""2"": 305, ""3"": 279}",1.374809,2,0.297852,2.540677087381482e-05,0.140380859375,0.0069184000000000025,-0.8721884898841381,0.9037637710571289,1.7296000000000005e-05,0.01651865616440773,-0.0001402179477736354,0.04818627773784101,,
932864,"{""0"": 206, ""1"": 242, ""2"": 331, ""3"": 245}",1.370754,2,0.323242,3.161985659971833e-05,0.1689453125,0.006816,-0.9481337033212185,0.9057174324989319,1.704e-05,0.008962712250649929,-0.0005237221485003829,0.040050849434919655,,
933888,"{""0"": 230, ""1"": 269, ""2"": 286, ""3"": 239}",1.382425,2,0.279297,5.4053845815360546e-05,0.172607421875,0.0067135999999999975,-0.8818587623536587,0.950942873954773,1.6783999999999994e-05,0.0024140188470482826,-0.0002616598503664136,0.023158391704782844,,
934912,"{""0"": 168, ""1"": 215, ""2"": 326, ""3"": 315}",1.351294,2,0.318359,3.5903649404644966e-05,0.162841796875,0.006611199999999995,-0.9770530164241791,0.9441418051719666,1.6527999999999988e-05,-0.0025614574551582336,-0.0005154677201062441,0.02188456110889092,,
935936,"{""0"": 202, ""1"": 233, ""2"": 329, ""3"": 260}",1.369907,2,0.321289,2.0768376998603344e-05,0.125732421875,0.006508800000000004,-0.8284946754574776,0.9324465990066528,1.627200000000001e-05,0.00351920910179615,-0.00039007526356726885,0.03236875694710761,,
936960,"{""0"": 200, ""1"": 253, ""2"": 300, ""3"": 271}",1.375886,2,0.292969,3.2200419809669256e-05,0.140869140625,0.006406400000000001,-0.9303662031888962,0.9712962508201599,1.6016000000000004e-05,-0.0018522432073950768,-0.0004558212822303176,0.01502712263027206,,
937984,"{""0"": 192, ""1"": 214, ""2"": 348, ""3"": 270}",1.359305,2,0.339844,2.4650886189192533e-05,0.13134765625,0.006303999999999999,-0.9213709719479084,0.8874410390853882,1.5759999999999998e-05,0.01916675455868244,-0.00027572509134188294,0.046129700262099504,,
939008,"{""0"": 194, ""1"": 241, ""2"": 311, ""3"": 278}",1.371555,2,0.303711,2.7307833079248667e-05,0.19384765625,0.006201599999999996,-0.8851248547434807,0.9370763897895813,1.550399999999999e-05,0.005687657743692398,-0.00022393834660761058,0.029798119561746716,,
940032,"{""0"": 207, ""1"": 199, ""2"": 323, ""3"": 295}",1.364011,2,0.31543,3.2073177862912416e-05,0.20263671875,0.006099200000000005,-0.8958157524466515,0.92307049036026,1.5248000000000012e-05,0.011869571171700954,-0.00043390621431171894,0.03717309713829309,,
941056,"{""0"": 212, ""1"": 201, ""2"": 336, ""3"": 275}",1.36436,2,0.328125,3.411853685975075e-05,0.189208984375,0.005996800000000003,-0.9073484726250172,0.906735360622406,1.4992000000000005e-05,0.011796201579272747,-0.00018649693811312318,0.04989227163605392,,
942080,"{""0"": 204, ""1"": 245, ""2"": 310, ""3"": 265}",1.375153,2,0.302734,2.061034319922328e-05,0.156005859375,0.0058944,-0.9165999665856361,0.9236392378807068,1.4736e-05,0.014228599146008492,-0.0003350262704771012,0.0390906180255115,,
943104,"{""0"": 188, ""1"": 216, ""2"": 312, ""3"": 308}",1.362918,2,0.304688,2.931815106421709e-05,0.1533203125,0.005791999999999998,-0.9538293182849884,0.9675707817077637,1.4479999999999994e-05,-0.0013798065483570099,-0.00031562073854729533,0.01712420437252149,,
944128,"{""0"": 193, ""1"": 222, ""2"": 310, ""3"": 299}",1.367152,2,0.302734,3.1049479730427265e-05,0.16259765625,0.005689599999999995,-0.8972187452018261,0.9154552817344666,1.4223999999999986e-05,0.013795649632811546,-0.00034726648300420493,0.04075160762295127,,
945152,"{""0"": 170, ""1"": 224, ""2"": 350, ""3"": 280}",1.352065,2,0.341797,3.7381541915237904e-05,0.186279296875,0.005587200000000004,-0.9122919999063015,0.9589871168136597,1.396800000000001e-05,-0.001366318203508854,-0.0002294402802363038,0.018920417060144246,,
946176,"{""0"": 192, ""1"": 234, ""2"": 332, ""3"": 266}",1.366531,2,0.324219,2.484553260728717e-05,0.151123046875,0.0054848000000000015,-0.8453550860285759,0.9681551456451416,1.3712000000000002e-05,0.0013045873492956161,-0.00023775166482664645,0.020276456139981747,,
947200,"{""0"": 203, ""1"": 236, ""2"": 328, ""3"": 257}",1.370665,2,0.320312,1.1793454177677631e-05,0.12353515625,0.005382399999999999,-0.9044953994452953,0.9352039694786072,1.3455999999999996e-05,0.003334861248731613,-0.0003011722583323717,0.02636801975313574,,
948224,"{""0"": 203, ""1"": 231, ""2"": 329, ""3"": 261}",1.369927,2,0.321289,2.4826498702168465e-05,0.16015625,0.0052799999999999965,-0.9449060223996639,0.9478932619094849,1.319999999999999e-05,0.0009588459506630898,-0.00035402114735916257,0.023765798308886588,,
949248,"{""0"": 185, ""1"": 214, ""2"": 344, ""3"": 281}",1.357602,2,0.335938,1.5084166079759598e-05,0.130615234375,0.005177600000000004,-0.9017324708402157,0.9637219905853271,1.2944000000000012e-05,0.001768745481967926,-0.0002696567098610103,0.020600183634087443,,
950272,"{""0"": 182, ""1"": 246, ""2"": 316, ""3"": 280}",1.367022,2,0.308594,2.264726208522916e-05,0.17626953125,0.005075200000000002,-0.8409369550645351,0.9449424147605896,1.2688000000000005e-05,0.008181320503354073,-0.00013229352771304548,0.031148141133598983,,
951296,"{""0"": 221, ""1"": 260, ""2"": 288, ""3"": 255}",1.381935,2,0.28125,1.4664081390947104e-05,0.14208984375,0.0049727999999999994,-0.9370491020381451,0.9457242488861084,1.2431999999999999e-05,0.00222892127931118,-0.00046572340943384916,0.02176714187953621,,
952320,"{""0"": 173, ""1"": 223, ""2"": 326, ""3"": 302}",1.356866,2,0.318359,2.5037035811692476e-05,0.1748046875,0.004870399999999997,-0.9754490628838539,0.9553074836730957,1.2175999999999993e-05,-0.0016799867153167725,-0.0003171053249388933,0.02209084713831544,,
953344,"{""0"": 199, ""1"": 308, ""2"": 212, ""3"": 305}",1.366501,1,0.300781,1.8397578969597816e-05,0.142822265625,0.0047679999999999945,-0.8549682721495628,0.9553905725479126,1.1919999999999986e-05,0.0018404610455036163,-0.00023903045803308487,0.02303294593002647,,
954368,"{""0"": 171, ""1"": 242, ""2"": 332, ""3"": 279}",1.359245,2,0.324219,1.2471107766032219e-05,0.1669921875,0.004665600000000003,-1.019821498543024,0.9585526585578918,1.1664000000000007e-05,-0.006064278073608875,-0.0004179189563728869,0.016267695813439786,,
955392,"{""0"": 188, ""1"": 240, ""2"": 303, ""3"": 293}",1.369601,2,0.295898,1.4721066690981388e-05,0.167236328125,0.004563200000000001,-0.8451016247272491,0.9627252221107483,1.1408000000000002e-05,0.0012938342988491058,-3.546290099620819e-05,0.018518700439017266,,
956416,"{""0"": 209, ""1"": 236, ""2"": 293, ""3"": 286}",1.376866,2,0.286133,1.4029559679329395e-05,0.1875,0.004460799999999998,-0.8864191025495529,0.9563076496124268,1.1151999999999996e-05,0.0022488851100206375,-0.00033481739228591323,0.02569103823043406,,
957440,"{""0"": 190, ""1"": 238, ""2"": 334, ""3"": 262}",1.365884,2,0.326172,1.6240577679127455e-05,0.1669921875,0.004358399999999996,-0.8791699446737766,0.91876620054245,1.0895999999999989e-05,0.013404002413153648,-0.00036979332799091935,0.03479088516905904,,
958464,"{""0"": 189, ""1"": 245, ""2"": 289, ""3"": 301}",1.370987,3,0.293945,2.7593341656029224e-05,0.24365234375,0.004256000000000005,-0.8788337744772434,0.8831018805503845,1.064000000000001e-05,0.022058069705963135,-0.0001680491550359875,0.05847889790311456,,
959488,"{""0"": 195, ""1"": 206, ""2"": 348, ""3"": 275}",1.358273,2,0.339844,1.0953168384730816e-05,0.159423828125,0.004153600000000002,-0.9295141138136387,0.8898420333862305,1.0384000000000004e-05,0.01812412589788437,-0.00023960895487107337,0.0563038878608495,,
960512,"{""0"": 167, ""1"": 213, ""2"": 378, ""3"": 266}",1.340397,2,0.369141,1.1803989764302969e-05,0.134033203125,0.0040512,-0.8787098191678524,0.9158554673194885,1.0127999999999999e-05,0.009702984243631363,-0.0001472594158258289,0.04062650492414832,,
961536,"{""0"": 184, ""1"": 216, ""2"": 310, ""3"": 314}",1.36091,3,0.306641,1.1924654245376587e-05,0.177001953125,0.003948799999999997,-0.8677197098731995,0.9272680878639221,9.871999999999993e-06,0.008136624470353127,-0.0003507936780806631,0.03780010109767318,,
962560,"{""0"": 164, ""1"": 227, ""2"": 343, ""3"": 290}",1.350955,2,0.334961,9.320210665464401e-06,0.197998046875,0.0038464000000000055,-0.8638903237879276,0.9549120664596558,9.616000000000014e-06,0.0027354927733540535,-0.00022152686142362654,0.026669742539525032,,
963584,"{""0"": 209, ""1"": 257, ""2"": 302, ""3"": 256}",1.377981,2,0.294922,8.788076229393482e-06,0.165283203125,0.003744000000000003,-0.8922018967568874,0.9222767949104309,9.360000000000007e-06,0.006268846802413464,-0.00022610434098169208,0.039865624625235796,,
964608,"{""0"": 201, ""1"": 257, ""2"": 235, ""3"": 331}",1.369381,3,0.323242,1.2823031283915043e-05,0.151611328125,0.0036416000000000005,-0.9197839833796024,0.8867767453193665,9.104000000000001e-06,0.015706408768892288,-0.00023607665207237005,0.05717977671884,,
965632,"{""0"": 177, ""1"": 217, ""2"": 303, ""3"": 327}",1.357063,3,0.319336,1.1098047252744436e-05,0.198486328125,0.003539199999999998,-0.9484074041247368,0.844875693321228,8.847999999999996e-06,0.01747623272240162,-0.0002697613090276718,0.05594132002443075,,
966656,"{""0"": 185, ""1"": 186, ""2"": 331, ""3"": 322}",1.347818,2,0.323242,8.140283171087503e-06,0.175537109375,0.0034367999999999955,-0.8560722135007381,0.9547924995422363,8.591999999999988e-06,0.0011651944369077682,-3.830407513305545e-05,0.022122125374153256,,
967680,"{""0"": 194, ""1"": 263, ""2"": 284, ""3"": 283}",1.375406,2,0.277344,1.2878444977104664e-05,0.171875,0.0033344000000000043,-0.8401013575494289,0.9000187516212463,8.33600000000001e-06,0.016520263627171516,-2.2311811335384846e-05,0.04833600367419422,,
968704,"{""0"": 212, ""1"": 305, ""2"": 254, ""3"": 253}",1.378033,1,0.297852,5.875015631318092e-06,0.1416015625,0.003232000000000002,-0.947033878415823,0.9495863914489746,8.080000000000004e-06,0.007285683415830135,-0.00027390930335968733,0.029157943441532552,,
969728,"{""0"": 165, ""1"": 193, ""2"": 343, ""3"": 323}",1.338988,2,0.334961,6.683694664388895e-06,0.210693359375,0.0031295999999999993,-0.9997605830430984,0.9231079816818237,7.823999999999998e-06,0.00036595482379198074,-0.00021487264893949032,0.026388951519038528,,
970752,"{""0"": 209, ""1"": 242, ""2"": 296, ""3"": 277}",1.377692,2,0.289062,5.4568517953157425e-06,0.150146484375,0.003027199999999997,-0.7969469204545021,0.937750518321991,7.567999999999992e-06,0.0060144951567053795,8.110073395073414e-07,0.030648373533040285,,
971776,"{""0"": 168, ""1"": 204, ""2"": 337, ""3"": 315}",1.346364,2,0.329102,4.855217412114143e-06,0.10986328125,0.002924800000000005,-0.9120374992489815,0.957187294960022,7.312000000000013e-06,0.0007855938747525215,-0.00019334381795488298,0.022421238711103797,,
972800,"{""0"": 190, ""1"": 200, ""2"": 327, ""3"": 307}",1.357197,2,0.319336,6.7494111135602e-06,0.143798828125,0.0028224000000000027,-0.836935929954052,0.9220876693725586,7.056000000000007e-06,0.007612262852489948,-0.0002752519503701478,0.039677564054727554,,
973824,"{""0"": 180, ""1"": 233, ""2"": 301, ""3"": 310}",1.364087,3,0.302734,6.016576662659645e-06,0.154541015625,0.00272,-0.8834038712084293,0.8625683784484863,6.800000000000001e-06,0.023655131459236145,-0.00016746865003369749,0.07029857998713851,,
974848,"{""0"": 180, ""1"": 192, ""2"": 335, ""3"": 317}",1.347998,2,0.327148,5.450565367937088e-06,0.16064453125,0.0026175999999999977,-0.9004054926335812,0.8986538052558899,6.5439999999999944e-06,0.009252640418708324,-0.00013450597180053592,0.04031536087859422,,
975872,"{""0"": 209, ""1"": 230, ""2"": 313, ""3"": 272}",1.3742,2,0.305664,6.475835107266903e-06,0.151611328125,0.0025151999999999952,-0.815711010247469,0.9232310056686401,6.287999999999988e-06,0.011083060875535011,-0.00010474227019585669,0.03667716879863292,,
976896,"{""0"": 201, ""1"": 208, ""2"": 313, ""3"": 302}",1.365766,2,0.305664,5.476176738739014e-06,0.19677734375,0.002412800000000004,-0.9274182729423046,0.9677801728248596,6.032000000000009e-06,-0.0010775867849588394,-0.00020013682660646737,0.0211599298636429,,
977920,"{""0"": 208, ""1"": 237, ""2"": 334, ""3"": 245}",1.370078,2,0.326172,4.823319613933563e-06,0.1865234375,0.0023104000000000015,-0.8447382412850857,0.9127284288406372,5.776000000000004e-06,0.011228597722947598,-0.00015831808559596539,0.038438230636529624,,
978944,"{""0"": 193, ""1"": 209, ""2"": 362, ""3"": 260}",1.354519,2,0.353516,4.339322913438082e-06,0.1416015625,0.002207999999999999,-0.9173930138349533,0.9572032690048218,5.519999999999997e-06,-4.4306740164756775e-05,-0.00011583184823393822,0.02012049499899149,,
979968,"{""0"": 183, ""1"": 219, ""2"": 354, ""3"": 268}",1.355634,2,0.345703,4.519650246948004e-06,0.167236328125,0.0021055999999999965,-0.8401692733168602,0.9642977118492126,5.263999999999991e-06,0.0003702547401189804,-0.0001119375228881836,0.01833616045769304,,
980992,"{""0"": 214, ""1"": 241, ""2"": 313, ""3"": 256}",1.376509,2,0.305664,4.1163875721395016e-06,0.176513671875,0.002003200000000005,-0.8419058881700039,0.9449669718742371,5.008000000000013e-06,0.005988051183521748,-8.776434697210789e-05,0.029350677505135536,,
982016,"{""0"": 178, ""1"": 222, ""2"": 310, ""3"": 314}",1.359793,3,0.306641,3.7722638808190823e-06,0.239501953125,0.0019008000000000026,-0.9472362138330936,0.9196006059646606,4.752000000000006e-06,0.008120561018586159,1.8425576854497194e-05,0.03858538973145187,,
983040,"{""0"": 191, ""1"": 251, ""2"": 270, ""3"": 312}",1.371449,3,0.304688,2.803863026201725e-06,0.1767578125,0.0017984000000000001,-0.8230508789420128,0.9581522941589355,4.496e-06,0.0012664059177041054,-0.00011415296467021108,0.022297977993730456,,
984064,"{""0"": 211, ""1"": 253, ""2"": 267, ""3"": 293}",1.379445,3,0.286133,1.4440156519412994e-06,0.14208984375,0.0016959999999999976,-0.9350326508283615,0.9378646612167358,4.239999999999994e-06,0.006623946130275726,-0.00012608885299414396,0.02975418488495052,,
985088,"{""0"": 257, ""1"": 247, ""2"": 263, ""3"": 257}",1.386042,2,0.256836,1.7015263438224792e-06,0.166015625,0.0015935999999999952,-0.9338812008500099,0.906317949295044,3.983999999999988e-06,0.004742448218166828,-0.00014884505071677268,0.03599585685878992,,
986112,"{""0"": 242, ""1"": 261, ""2"": 287, ""3"": 234}",1.383152,2,0.280273,1.756416168063879e-06,0.20458984375,0.0014912000000000037,-0.9521620720624924,0.9036814570426941,3.728000000000009e-06,0.020601265132427216,-7.365114288404584e-05,0.05327989114448428,,
987136,"{""0"": 208, ""1"": 302, ""2"": 256, ""3"": 258}",1.377775,1,0.294922,2.024928107857704e-06,0.290283203125,0.0013888000000000012,-0.9854056872427464,0.8995370864868164,3.472000000000003e-06,0.016507599502801895,-9.906472405418754e-05,0.05686868424527347,,
988160,"{""0"": 154, ""1"": 218, ""2"": 341, ""3"": 311}",1.342353,2,0.333008,1.4093238860368729e-06,0.21435546875,0.0012863999999999987,-1.020635686814785,0.934335470199585,3.215999999999997e-06,0.004469455219805241,-8.031868492253125e-05,0.02767079323530197,,
989184,"{""0"": 211, ""1"": 242, ""2"": 317, ""3"": 254}",1.375203,2,0.30957,1.1550728231668472e-06,0.158935546875,0.0011839999999999963,-0.8115768879652023,0.9516716003417969,2.9599999999999903e-06,0.0034274347126483917,-5.6562741519883275e-05,0.023760729120112956,,
990208,"{""0"": 218, ""1"": 257, ""2"": 243, ""3"": 306}",1.378578,3,0.298828,6.566988304257393e-07,0.11767578125,0.0010816000000000048,-0.9455225691199303,0.9600062966346741,2.704000000000012e-06,-0.003883535973727703,-4.521937808021903e-05,0.019998201285488904,,
991232,"{""0"": 170, ""1"": 257, ""2"": 273, ""3"": 324}",1.361604,3,0.316406,7.479684427380562e-07,0.201416015625,0.0009792000000000023,-0.9413290657103062,0.9341536164283752,2.4480000000000056e-06,0.007775396108627319,-5.0818693125620484e-05,0.03324201190844178,,
992256,"{""0"": 156, ""1"": 159, ""2"": 386, ""3"": 323}",1.307577,2,0.376953,6.243935786187649e-07,0.21533203125,0.0008767999999999998,-0.9027551747858524,0.9646850228309631,2.1919999999999995e-06,-0.0007209489122033119,-4.0302169509232044e-05,0.01643456204328686,,
993280,"{""0"": 206, ""1"": 234, ""2"": 312, ""3"": 272}",1.374164,2,0.304688,8.864444680511951e-07,0.201416015625,0.0007743999999999974,-0.7892347276210785,0.8825281858444214,1.9359999999999934e-06,0.01871141418814659,-1.4447636203840375e-05,0.05695713893510401,,
994304,"{""0"": 166, ""1"": 211, ""2"": 331, ""3"": 316}",1.34832,2,0.323242,5.171750672161579e-07,0.20654296875,0.0006719999999999949,-0.9254560358822346,0.9329859614372253,1.679999999999987e-06,0.010770007967948914,-1.4267279766499996e-05,0.037277826690115035,,
995328,"{""0"": 206, ""1"": 267, ""2"": 298, ""3"": 253}",1.377742,2,0.291016,3.210734575986862e-07,0.205078125,0.0005696000000000034,-0.8684255480766296,0.9278616905212402,1.4240000000000085e-06,0.00987508799880743,-2.865574788302183e-05,0.030408892082050443,,
996352,"{""0"": 196, ""1"": 260, ""2"": 269, ""3"": 299}",1.375126,3,0.291992,1.862645149230957e-07,0.17626953125,0.00046720000000000095,-0.9355915188789368,0.9305990934371948,1.1680000000000024e-06,0.011764749884605408,-1.5140511095523834e-05,0.04092598822899163,,
997376,"{""0"": 162, ""1"": 229, ""2"": 305, ""3"": 328}",1.352061,3,0.320312,1.1461088433861732e-07,0.177001953125,0.00036479999999999846,-0.9123826324939728,0.9562300443649292,9.119999999999962e-07,0.0013342415913939476,-1.623091520741582e-05,0.022417909116484225,,
998400,"{""0"": 201, ""1"": 230, ""2"": 314, ""3"": 279}",1.371765,2,0.306641,6.711343303322792e-08,0.186767578125,0.00026239999999999597,-0.8595785684883595,0.9335633516311646,6.559999999999899e-07,0.00871912483125925,-7.596914656460285e-06,0.034951679524965584,,
999424,"{""0"": 169, ""1"": 218, ""2"": 362, ""3"": 275}",1.347331,2,0.353516,3.329478204250336e-08,0.221435546875,0.0001600000000000046,-0.8695013970136642,0.9153744578361511,4.0000000000001147e-07,0.011144719086587429,-8.879258530214429e-06,0.03804312727879733,,
1000448,"{""0"": 202, ""1"": 231, ""2"": 299, ""3"": 292}",1.373353,2,0.291992,1.7113052308559418e-08,0.289306640625,5.76000000000021e-05,-0.881058819591999,0.9567673206329346,1.4400000000000523e-07,0.00516206119209528,4.424218786880374e-06,0.02422402921365574,,
